Название,Цена,Рейтинг,Количество отзывов,Страна,Гарантия,Операционная система,Потребляемая мощность,Диагональ,Технология,Разрешение экрана,Поддержка HDR,Воспроизведение видео через USB,Smart TV,Управление,Таймер выключения,Часы,Защита от детей,Телетекст,Функция TimeShift,Запись телепередач (PVR),Разъем для модуля DVB CAM (слот CI),Стандарт VESA,Смартфон в качестве пульта ДУ,Пульт ДУ,Технология HDMI ARC,Цифровое шумоподавление,Поддерживаемые цифровые стандарты,Тип звуковой системы,Суммарная мощность,Композитный вход,Аудиовход RCA,Компонентный,Аудиовыход RCA,HDMI,Версия HDMI,Вход для ПК,Коаксиальный аудиовыход,Оптический аудиовыход,Оптический аудиовход,Выход для наушников,USB,Количество разъемов USB,Ethernet (LAN),Bluetooth,Wi-Fi,Вход 3.5 мм аудио,Вход 3.5 мм аудио/видео,Выход 3.5 мм аудио,Выход 3.5 мм аудио/видео,Подставка,Высота с подставкой,Ширина с подставкой,Глубина с подставкой,Высота,Ширина,Глубина,Вес с подставкой,Вес без подставки,Цвет,Версия ОС на начало продаж,Частота обновления,Технологии улучшения изображения,Масштабирование,Цветовая система,Мощность,Технологии улучшения звука,Вес,Формат,Модель процессора,NFC,Тип матрицы,Тип светодиодной подсветки,Угол обзора по вертикали,Угол обзора по горизонтали,Список программ,Гид по программам,eARC,Количество ядер процессора,Кол-во встроенных динамиков,Акустическая схема,Яркость,Контрастность,Время отклика,Поддерживаемые форматы,Объемное звучание,Антибликовое покрытие,Интерьерный режим,Батарейки для пульта ДУ,Родительский контроль,Мощность сабвуфера,Таймер включения,Русифицированное меню,Объем встроенной памяти,Количество тюнеров,Динамическая контрастность,Объем оперативной памяти,Производитель процессора,Эквалайзер,Любимые каналы,Гребенчатый фильтр,Автоматическая регулировка громкости,VGA (D-Sub),Чтение карт памяти,Частота процессора,Встроенный DVD-плеер,SCART,Слот для карт памяти,Ввод названий каналов,Прогрессивная развертка,Дополнительная информация,Предустановки изображения,Выход для сабвуфера,Встроенный сабвуфер,Коаксиальный аудиовход,Изогнутый экран,Кронштейн,Поддержка 3D,Автоматическая настройка,Количество каналов,Ручная настройка,Композитный выход
Характеристики Haier 55 Smart TV S7 DH1VMED01RU,59 999 р.,,,Китай,1 год,Android TV,250 Вт,"55"" (139.7 см) ",QLED ,3840x2160 Пикс (4K Ultra HD) ,Есть ,Есть ,Есть ,Голосом ,Есть,,Есть,,Есть,Есть,Есть,,Есть,,Есть,Есть,"DVB-C, DVB-T, DVB-S2, DVB-T2 ","Dolby Atmos, dbx-tv, Simulated Surround Sound",26 Вт,Есть,Есть,,Есть,4 ,2.1,,,Есть,Есть,Есть,Есть ,2,Есть ,Есть,Есть ,1,1,1,1,Есть ,,,,,,,,,,,,,,,,,,,,,,,,,,,,,,,,,,,,,,,,,,,,,,,,,,,,,,,,,,,,,,,,,,,,,,,
"Ultra HD (4K) OLED телевизор 65"" Grundig 65 GOB 9290",199 999 р.,5,10,Турция,1 год,Android TV,140 Вт,"65"" (165.1 см) ",OLED ,3840x2160 Пикс (4K Ultra HD) ,Есть ,Есть ,Есть ,Голосом ,Есть,,Есть,,Есть,Есть,,,Есть,Есть,Есть,Есть,"DVB-S, DVB-C2, DVB-T2 ",Dolby Atmos,,,,,,3 ,2.1,,,,,,Есть ,2,,Есть,Есть ,,,,,Есть ,90 см,144.9 см,35.2 см,,,,,,,Android 11.0,60 Гц ,UHD 4K 1000,Есть,"PAL, SECAM",20 Вт,Dolby Vision,31 кг,,,,,,,,,,,,,,,,,,,,,,,,,,,,,,,,,,,,,,,,,,,,,,,,,,,,,,
"Ultra HD (4K) QLED телевизор 43"" Samsung QE43LS05TAU",69 999 р.,5,1,Вьетнам,1 год,Tizen,125 Вт,"43"" (109.2 см) ",QLED ,3840x2160 Пикс (4K Ultra HD) ,Есть ,Есть ,Есть ,Голосом ,Есть,Есть ,Есть,Есть ,Есть,Есть,Есть,,Есть,Есть,Есть,Есть,"DVB-C, DVB-S2, DVB-T2 ",Dolby Digital Plus,,,,,,3 ,2.0,,,Есть,,,Есть ,2,Есть ,Есть,Есть ,,,,,,,,,,,,,,,,60 Гц ,,Есть,"PAL, SECAM",40 Вт,,,16:9,Квантовый процессор 4K,Есть,,,,,,,,,,,,,,,,,,,,,,,,,,,,,,,,,,,,,,,,,,,,,,,,,,,
"Ultra HD (4K) LED телевизор 65"" LG 65UQ91009LD",79 999 р.,5,3,Китай,1 год,WebOS,,"65"" (165.1 см) ",LED ,3840x2160 Пикс (4K Ultra HD) ,Есть ,Есть ,Есть ,Голосом ,Есть,Есть ,Есть,Есть ,,,Есть,,,,,,"DVB-C, DVB-S, DVB-T, DVB-S2, DVB-T2 ",AI Sound Pro,,,,,,3 ,2.0,,,Есть,,,Есть ,2,Есть ,Есть,Есть ,,,,,,,,,,,,,,,,60 Гц ,,Есть,,20 Вт,,,16:9,,Есть,IPS,Direct LED,178 °,178 ° ,Есть,Есть,Есть,4,2 ,2.0,,,,,,,,,,,,,,,,,,,,,,,,,,,,,,,,,,,,,,,,,
"Ultra HD (4K) LED телевизор 75"" Artel A75LU6500",139 999 р.,5,2,Узбекистан,1 год,Android TV,225 Вт,"75"" (190.5 см) ",LED ,3840x2160 Пикс (4K Ultra HD) ,Есть ,Есть ,Есть ,Голосом ,Есть,Есть ,Есть,,Есть,Есть,,,Есть,,Есть,Есть,"DVB-C, DVB-S, DVB-T, DVB-S2, DVB-T2 ",Dolby Vision&Dolby Atmos,,Есть,,,,3 ,"2.0, 1.4",,,Есть,,Есть,,,,,,,,,,,,,,,,,,,,11,60 Гц ,,Есть,"PAL, SECAM",24 Вт,,,16:9,,,,,178 °,178 ° ,,,,,2 ,,400 кд/м² ,5000:1,6.5 мс,"MP3, AVI, DivX, MKV, JPEG, WMA",Есть,,,,,,,,,,,,,,,,,,,,,,,,,,,,,,,,,,,,
"Ultra HD (4K) QLED телевизор 43"" Samsung The Frame QE43LS03BAU",74 299 р.,5,3,Вьетнам,1 год,Tizen,92 Вт,"43"" (109.2 см) ",QLED ,3840x2160 Пикс (4K Ultra HD) ,Есть ,Есть ,Есть ,Голосом ,Есть,Есть ,Есть,Есть ,Есть,Есть,,,Есть,,Есть,Есть,"DVB-C, DVB-S2, DVB-T2 ",Dolby Digital Plus,,,,,,4 ,2.0,,,Есть,,,Есть ,2,Есть ,Есть,,,,,,,,,,,,,,,,,60 Гц ,Quantum Processor 4K 3000,Есть,"PAL, SECAM",20 Вт,,,16:9,,,,,,,Есть,,Есть,,2 ,2.0,,,,,,Есть,Есть,,,,,,,,,,,,,,,,,,,,,,,,,,,,,,,,,,
"Ultra HD (4K) QNED телевизор 55"" LG 55QNED7S6QA",76 799 р.,5,3,Китай,1 год,WebOS,154 Вт,"55"" (139.7 см) ",QNED ,3840x2160 Пикс (4K Ultra HD) ,Есть ,Есть ,,Голосом ,,,,,,,Есть,400x400 ,Есть,Есть,,,"DVB-C, DVB-S, DVB-T, DVB-S2, DVB-T2 ",,20 Вт,,,,,4 ,2.0,,,,,,Есть ,1,Есть ,Есть,Есть ,,,,,Есть ,75.4 см,122.7 см,33.6 см,,,,,,Черный ,,60 Гц ,,Есть,,,,,16:9,,,IPS,,,,,,Есть,,2 ,2.0,,,,,,,,,,,,,,,,,,,,,,,,,,,,,,,,,,,,,,,,,
"Ultra HD (4K) LED телевизор 65"" Samsung UE65BU8500U",88 499 р.,5,2,Россия,1 год,Tizen,118 Вт,"65"" (165.1 см) ",LED ,3840x2160 Пикс (4K Ultra HD) ,Есть ,Есть ,Есть ,Голосом ,Есть,,Есть,Есть ,,,Есть,400x300 ,,Есть,,,"DVB-C, DVB-S2, DVB-T2 ",Dolby Digital Plus,,,,,,3 ,2.0,,,Есть,,,Есть ,2,Есть ,Есть,Есть ,,,,,Есть ,89.75 см,145.17 см,29.02 см,,,,,,,,50 Гц ,,,,2 x 10 Вт,,,16:9,Crystal Processor 4K,,,,,,,Есть,,,2 ,2.0,,,,,,,,Есть,,,,,,,,,,,,,,,,,,,,,,,,,,,,,,,,,
"Ultra HD (4K) Neo QLED телевизор 65"" Samsung QE65QN90BAU",199 999 р.,5,2,Россия,1 год,Tizen,212 Вт,"65"" (165.1 см) ",QLED ,3840x2160 Пикс (4K Ultra HD) ,Есть ,,Есть ,Голосом ,Есть,,Есть,Есть ,Есть,Есть,Есть,400x300 ,Есть,Есть,,Есть,"DVB-C, DVB-S2, DVB-T2 ",Dolby Audio,,,,,,4 ,2.1,,,Есть,,,Есть ,2,Есть ,Есть,Есть ,,,,,Есть ,89.14 см,144.63 см,,,,,,,,,100 Гц ,Neo Quantum Processor 4K 4600,Есть,,60 Вт,,,,,,,,,,,Есть,,,,,,,,,,,,,,,,,,,,,,,,,,,,,,,,,,,,,,,,,,,,,
"Ultra HD (4K) Neo QLED телевизор 75"" Samsung QE75QN85BAU",249 999 р.,5,3,Россия,1 год,Tizen,167 Вт,"75"" (190.5 см) ",QLED ,3840x2160 Пикс (4K Ultra HD) ,Есть ,,Есть ,Голосом ,Есть,,Есть,Есть ,Есть,Есть,Есть,400x400 ,Есть,,Есть,Есть,"DVB-C, DVB-S2, DVB-T2 ",Dolby Audio,60 Вт,,,,,4 ,2.1,,,Есть,,,Есть ,2,Есть ,Есть,Есть ,,,,,Есть ,101.98 см,167 см,31.35 см,,,,,,,,100 Гц ,,,,,,,16:9,Neo Quantum Processor 4K,,,,,,,,,,,,,,,,,,,,,,,,,,,,,,,,,,,,,,,,,,,,,,,,,,,,
"Ultra HD (4K) LED телевизор 50"" LG 50UR78006LK",49 999 р.,0,0,Польша,1 год,WebOS,125 Вт,"50"" (127 см) ",LED ,3840x2160 Пикс (4K Ultra HD) ,Есть ,Есть ,Есть ,,Есть,,Есть,,,,Есть,200x200 ,Есть,,Есть,Есть,"DVB-C, DVB-T, DVB-S2, DVB-T2 ",AI Sound,,,,,,3 ,2.0,,,Есть,,,Есть ,2,Есть ,Есть,Есть ,,,,,Есть ,71.6 см,112.1 см,23 см,,,,,11.7 кг,Черный ,,60 Гц ,,,,20 Вт,,11.8 кг,16:9,,,,,,,,,,,2 ,,,,,,,,,,,,,,,,,,,,,,,,,,,,,,,,,,,,,,,,,,
"Ultra HD (4K) OLED телевизор 65"" LG OLED65C14LB",169 999 р.,5,2,Россия,1 год,WebOS,130 Вт,"65"" (165.1 см) ",OLED ,3840x2160 Пикс (4K Ultra HD) ,Есть ,Есть ,Есть ,Голосом ,Есть,,Есть,,,,Есть,,Есть,,Есть,Есть,"DVB-C, DVB-S, DVB-T, DVB-S2, DVB-T2 ",OLED Surround,40 Вт,,,,,4 ,2.1,,,Есть,,Есть,Есть ,3,Есть ,Есть,Есть ,,,,,,,,,,,,,,,6.0,120 Гц ,,Есть,,2х10 Вт,,,16:9,,,,,,,,,Есть,4,,2.2,,,,,,,,,Есть,20 Вт,,,,,,,,,,,,,,,,,,,,,,,,,,,,,,,
"Ultra HD (4K) LED телевизор 43"" Samsung UE43CU7100U",39 999 р.,5,3,Вьетнам,1 год,Tizen,70 Вт,"43"" (109.2 см) ",Crystal UHD ,3840x2160 Пикс (4K Ultra HD) ,Есть ,Есть ,Есть ,,Есть,,Есть,Есть ,,,Есть,200x200 ,Есть,Есть,Есть,Есть,"DVB-C, DVB-S2, DVB-T2 ",Dolby Digital Plus,20 Вт,,,,,3 ,,,,Есть,,,Есть ,1,Есть ,Есть,Есть ,,,,,Есть ,62.8 см,96.4 см,19.3 см,55.9 см,96.4 см,5.96 см,,,,,60 Гц ,,,,,,,,Crystal 4K,,,,,,,,,,,,,,,,,,,,,,,,,,,,,,,,,,,,,,,,,,,,,,,,,,,,
"Ultra HD (4K) LED телевизор 75"" Samsung UE75CU7100U",117 999 р.,5,4,Вьетнам,1 год,Tizen,134 Вт,"75"" (190.5 см) ",Crystal UHD ,3840x2160 Пикс (4K Ultra HD) ,Есть ,Есть ,Есть ,,Есть,,Есть,Есть ,,,Есть,400x400 ,Есть,Есть,Есть,Есть,"DVB-C, DVB-S2, DVB-T2 ",Dolby Digital Plus,20 Вт,,,,,3 ,,,,Есть,,,Есть ,1,Есть ,Есть,Есть ,,,,,Есть ,104.8 см,167.3 см,34.1 см,95.8 см,167.3 см,5.99 см,,,,,60 Гц ,,,,,,,,Crystal 4K,,,,,,,,,,,,,,,,,,,,,,,,,,,,,,,,,,,,,,,,,,,,,,,,,,,,
"Ultra HD (4K) LED телевизор 85"" Samsung UE85CU8000U",209 999 р.,5,2,Вьетнам,1 год,Tizen,204 Вт,"85"" (215.9 см) ",Crystal UHD ,3840x2160 Пикс (4K Ultra HD) ,Есть ,Есть ,Есть ,,Есть,,Есть,Есть ,,,Есть,600x400 ,Есть,Есть,Есть,Есть,"DVB-C, DVB-S2, DVB-T2 ",Dolby Digital Plus,20 Вт,,,,,3 ,,,,Есть,,,Есть ,2,Есть ,Есть,Есть ,,,,,Есть ,113.2 см,190.1 см,39.5 см,108.6 см,190.1 см,2.7 см,,,,,100 Гц ,,,,,,,,Quantum 4K,,,,,,,,,,,,,,,,,,,,,,,,,,,,,,,,,,,,,,,,,,,,,,,,,,,,
"Ultra HD (4K) QLED телевизор 65"" Samsung QE65Q70CAU",144 999 р.,5,2,Вьетнам,1 год,Tizen,146 Вт,"65"" (165.1 см) ",QLED ,3840x2160 Пикс (4K Ultra HD) ,Есть ,Есть ,Есть ,Голосом ,Есть,,Есть,Есть ,Есть,Есть,Есть,400x300 ,Есть,Есть,Есть,Есть,"DVB-C, DVB-S2, DVB-T2 ",,20 Вт,,,,,4 ,,,,Есть,,,Есть ,2,Есть ,Есть,Есть ,,,,,Есть ,90 см,145.2 см,,,,,,,,,120 Гц ,,,,,,,,Quantum 4K,,,Dual LED,,,,,Есть,,,,,,,,,,,,,,,,,,,,,,,,,,,,,,,,,,,,,,,,,,,,
"Ultra HD (4K) LED телевизор 50"" Sony KD-50X75K AF1",59 999 р.,0,0,Китай,1 год,Android TV,80 Вт,"50"" (127 см) ",LED ,3840x2160 Пикс (4K Ultra HD) ,Есть ,Есть ,Есть ,Голосом ,Есть,,Есть,Есть ,,,,,Есть,,Есть,Есть,"DVB-C, DVB-S, DVB-T, DVB-S2, DVB-T2 ",Dolby Audio,,Есть,,,,3 ,,,,,,,,,,,,,,,,,,,,,,,,,,11.0,50 Гц ,Motionflow™ XR,,"PAL, SECAM",2х10 Вт,,,,4K Processor X1™,,,Direct LED,178 °,178 ° ,,Есть,,4,2 ,2.0,,,,"MP3, AVI, JPEG, WMA, MPEG4",,X-ANTI REFLECTION,,,,,Есть,Есть,16 ГБ,1 ,,,,,,,,,,,,,,,,,,,,,,,,,,,
"Ultra HD (4K) LED телевизор 43"" LG 43UQ75006LF",30 990 р.,5,2,Россия,1 год,WebOS,110 Вт,"43"" (109.2 см) ",LED ,3840x2160 Пикс (4K Ultra HD) ,Есть ,Есть ,Есть ,,Есть,Есть ,Есть,,,,Есть,200x200 ,Есть,Есть,Есть,Есть,"DVB-C, DVB-S, DVB-T, DVB-S2, DVB-T2 ",AI Sound,20 Вт,,,,,2 ,2.0,,,Есть,,,Есть ,1,Есть ,Есть,Есть ,,,,,Есть ,,,,,,,,,,,60 Гц ,,Есть,"PAL, SECAM",10 Вт,,,16:9,,,,,,,,,Есть,,2 ,,,,,,,,,Есть,,,,,,,,,,,,,,,,,,,,,,,,,,,,,,,,,
"LED телевизор 40"" Econ EX-40FS009B",15 590 р.,0,0,Россия,1 год,Android TV,,"40"" (101.6 см) ",LED ,1920x1080 Пикс (Full HD) ,,Есть ,Есть ,,,,,Есть ,,,Есть,200x200 ,,,Есть,Есть,"DVB-C, DVB-T2 ",,,,,,,2 ,2.0,,,,,Есть,Есть ,2,Есть ,,Есть ,,,,,Есть ,57 см,91 см,,,,,,,,Android 9.0,60 Гц ,,,,16 Вт,,,16:9,,,,,178 °,178 ° ,,,,,2 ,,300 кд/м² ,,6 мс,MKV,,,,,,,,,8 ГБ,,120000:1,1 ГБ,,,,,,,,,,,,,,,,,,,,,,,,,
"LED телевизор 43"" Harper 43F720TS",21 290 р.,3,1,Россия,1 год,Android TV,64 Вт,"43"" (109.2 см) ",LED ,1920x1080 Пикс (Full HD) ,Есть ,Есть ,Есть ,,Есть,Есть ,,Есть ,Есть,Есть,,,,,Есть,,"DVB-C, DVB-T, DVB-S2, DVB-T2 ",,,,,,Есть,2 ,1.4,,,,,Есть,,,,,,,,,,,,,,,,,,,,Official Google Android 9.0,60 Гц ,,,"NTSC, PAL, SECAM",16 Вт,,,16:9,Mali-470,,VA,Direct LED,178 °,178 ° ,,Есть,,,2 ,,250 кд/м² ,90000:1,8 мс,"MP3, MKV, JPEG, MPEG4",,,,,,,,,8 ГБ,,,1 ГБ,ARM,Есть,,,,,,,,,,,,,,,,,,,,,,,
"LED телевизор 39"" Yuno ULM-39 TC 120",13 290 р.,5,1,Россия,1 год,WebOS,57 Вт,"39"" (99 см) ",LED ,1366x768 Пикс (HD-Ready) ,,Есть ,,,Есть,Есть ,Есть,,,,Есть,200x100 ,,,,Есть,"DVB-C, DVB-T2 ",Dolby Digital Plus,,Есть,Есть,,,3 ,"1.3, 1.4a",,,,,Есть,Есть ,2,,,,,,,,,,,,,,,,,,,50 Гц ,,,"NTSC, PAL, SECAM",20 Вт,,,16:9,,,,,178 °,178 ° ,,,,,2 ,,250 кд/м² ,3000:1,8 мс,"MP3, AVI, JPEG, WMA",Есть,,,,,,Есть,,,,,,,,Есть,Есть,Есть,Есть,,,,,,,,,,,,,,,,,,,
"LED телевизор 39"" Supra STV-LC39LT0045W",13 690 р.,0,0,Россия,1 год,,65 Вт,"39"" (99 см) ",LED ,1366x768 Пикс (HD-Ready) ,,,,,Есть,Есть ,,Есть ,,,,200x200 ,,Есть,,,"DVB-C, DVB-T, DVB-T2 ",,,,,,,3 ,,,,,,Есть,Есть ,1,,,,,,,,Есть ,55.3 см,89 см,21.1 см,51.1 см,89 см,8.1 см,6.7 кг,6.6 кг,Черный ,,60 Гц ,,,"PAL, SECAM",20 Вт,,,16:9,,,,,178 °,178 ° ,,,,,2 ,,220 кд/м² ,,6 мс,,,,,,,,,,,,100000:1,,,,,,,,,,,,,,,,,,,,,,,,,,
"Ultra HD (4K) LED телевизор 50"" LG NanoCell 50NANO756QA",57 490 р.,5,2,Россия,1 год,WebOS,130 Вт,"50"" (127 см) ",NanoCell ,3840x2160 Пикс (4K Ultra HD) ,Есть ,Есть ,Есть ,Голосом ,,,Есть,Есть ,Есть,,Есть,,Есть,Есть,,Есть,"DVB-C, DVB-S, DVB-T, DVB-S2, DVB-T2 ",AI Sound Pro,,,,,,4 ,,,,Есть,,,Есть ,2,Есть ,Есть,Есть ,,,,,Есть ,,,,,,,,,,,60 Гц ,,Есть,,20 Вт,,,16:9,,Есть,IPS,Direct LED,,,,,,4,2 ,2.0,,,,,,,,Есть,,,,,,,,,,,,,,,,,,,,,,,,,,,,,,,,,
"LED телевизор 43"" Haier 43 Smart TV MX Light",22 990 р.,5,2,Россия,1 год,Android TV,86 Вт,"43"" (109.2 см) ",LED ,1920x1080 Пикс (Full HD) ,,Есть ,,Голосом ,Есть,Есть ,Есть,,Есть,,Есть,200x200 ,,Есть,Есть,Есть,"DVB-C, DVB-S, DVB-T, DVB-C2, DVB-S2, DVB-T2 ",NICAM стерео,,,Есть,,,3 ,2.0,,,Есть,Есть,Есть,Есть ,2,,Есть,Есть ,,,,,Есть ,61.5 см,,,,,,,,,9.0,60 Гц ,,,"PAL, SECAM",8 Вт,,,16:9,,,,,,,,,,,2 ,,,,,,,,,,,,,,,,,,,,,,,,"SD, SDHC",,,,,,,,,,,,,,,,,,
"Ultra HD (4K) LED телевизор 50"" Grundig 50 GGU 7900B",52 190 р.,5,4,Турция,1 год,Android TV,54.1 Вт,"50"" (127 см) ",LED ,3840x2160 Пикс (4K Ultra HD) ,Есть ,Есть ,Есть ,,Есть,,Есть,,Есть,Есть,,200x200 ,Есть,Есть,Есть,Есть,"DVB-C, DVB-S2, DVB-T2 ",Dolby Atmos,,,,,,3 ,2.1,,,,,Есть,Есть ,2,Есть ,Есть,Есть ,,,,,,,,,,,,,,,11,50 Гц ,UHD 4K,Есть,"PAL, SECAM",20 Вт,,,,,,,Direct LED,,,,,,,,,,,,,,,,,,,,,16 ГБ,,,2 ГБ,,,,,,,,,,,,,,,,,,,,,,,,,
"Ultra HD (4K) LED телевизор 50"" LG NanoCell 50NANO766QA.ARUB",45 190 р.,5,8,Южная Корея,1 год,WebOS,,"50"" (127 см) ",NanoCell ,3840x2160 Пикс (4K Ultra HD) ,Есть ,,Есть ,Голосом ,Есть,,Есть,Есть ,,,Есть,200x200 ,Есть,Есть,,Есть,"DVB-C, DVB-S, DVB-T, DVB-C2, DVB-S2, DVB-T2 ",AI Sound Pro,,,,,,3 ,,,,Есть,,,Есть ,2,Есть ,Есть,Есть ,,,,,Есть ,,,,,,,,,,,60 Гц ,,,,20 Вт,,,,α5 Gen5 AI Processor 4K,,VA,Direct LED,178 °,178 ° ,,Есть,,,2 ,2.0,,,,,,,,,,,Есть,Есть,,,,,,,,,,,,,,,,,,,,,,,,,,,,,
"Ultra HD (4K) LED телевизор 43"" Olto 43ST20U",19 990 р.,4,1,Россия,1 год,Android TV,74 Вт,"43"" (109.2 см) ",LED ,3840x2160 Пикс (4K Ultra HD) ,Есть ,Есть ,Есть ,,Есть,,,Есть ,Есть,Есть,,,,,,,"DVB-C, DVB-T, DVB-T2 ",,,,,Есть,,3 ,"2.0, 1.4",,,,,Есть,,,,,,,,,,,,,,,,,,,,9.0,60 Гц ,,Есть,"NTSC, PAL, SECAM",16 Вт,,,16:9,Cortex A55 ARM,,VA,Direct LED,178 °,,,Есть,,,2 ,,250 кд/м² ,90000:1,8 мс,"MP3, AVI, MKV, JPEG, WMA",Есть,,,,,,,,8 ГБ,,,1.5 ГБ,,Есть,,,,,,0.9 ГГц,,,,,,,,,,,,,,,,,
"Ultra HD (4K) QLED телевизор 50"" Haier 50 Smart TV AX Pro",49 999 р.,5,5,Китай,1 год,Android TV,160 Вт,"50"" (127 см) ",LED ,3840x2160 Пикс (4K Ultra HD) ,,Есть ,Есть ,Голосом ,Есть,,Есть,,Есть,Есть,,,Есть,,,Есть,"DVB-C, DVB-S, DVB-T, DVB-C2, DVB-S2, DVB-T2 ",NICAM стерео,,Есть,Есть,,Есть,4 ,2.1,,,Есть,,Есть,Есть ,2,,,,,,,,,,,,,,,,,,11,60 Гц ,,Есть,"PAL, SECAM",2х12 Вт,,,16:9,,,,Direct LED,178 °,178 ° ,,,,,2 ,,220 кд/м² ,5000:1,8 мс,,Есть,,,,,,,,,,,,,,,,,,,,,,,,,,,,,,,,,,,,
"Ultra HD (4K) LED телевизор 55"" Haier 55 Smart TV S3",39 999 р.,5,2,Китай,1 год,Android TV,170 Вт,"55"" (139.7 см) ",LED ,3840x2160 Пикс (4K Ultra HD) ,,,Есть ,Голосом ,Есть,,Есть,,Есть,Есть,,,Есть,,,Есть,"DVB-T, DVB-S2, DVB-T2 ",NICAM стерео,,Есть,Есть,,Есть,3 ,1.4,,,Есть,,Есть,Есть ,2,Есть ,,,,,,,,,,,,,,,,,11,60 Гц ,,Есть,"PAL, SECAM",2х10 Вт,,,16:9,,,,,178 °,178 ° ,,,,,2 ,,320 кд/м² ,6000:1,6.5 мс,,Есть,,,,,,,,,,,,,Есть,,,,,,,,,,,,,,,,,,,,,,,
"Ultra HD (4K) LED телевизор 65"" Haier 65 Smart TV S3",54 999 р.,5,2,Китай,1 год,Android TV,200 Вт,"65"" (165.1 см) ",QLED ,3840x2160 Пикс (4K Ultra HD) ,Есть ,Есть ,Есть ,Голосом ,Есть,,Есть,,Есть,Есть,,,Есть,,,Есть,"DVB-C, DVB-T, DVB-S2, DVB-T2 ",NICAM стерео,,Есть,Есть,,Есть,4 ,2.1,,,Есть,,Есть,,,,,,,,,,,,,,,,,,,,11,60 Гц ,,Есть,"PAL, SECAM",26 Вт,,,16:9,,,,,178 °,178 ° ,,,,,2 ,,320 кд/м² ,6000:1,6.5 мс,,Есть,,,,Есть,,,,,,,,,Есть,,,,,,,,,,,,,,,,,,,,,,,
"Ultra HD (4K) LED телевизор 65"" LG 65UQ80006LB",67 199 р.,0,0,Россия,1 год,WebOS,130 Вт,"65"" (165.1 см) ",LED ,3840x2160 Пикс (4K Ultra HD) ,Есть ,Есть ,Есть ,,Есть,,,Есть ,,,Есть,400x400 ,,Есть,Есть,Есть,"DVB-C, DVB-S, DVB-T, DVB-S2, DVB-T2 ",AI Sound,,Есть,,,,2 ,,,,,,Есть,Есть ,1,Есть ,Есть,Есть ,,,,,Есть ,,,,,,,,,,,60 Гц ,,Есть,"PAL, SECAM",20 Вт,,,16:9,,,VA,Direct LED,178 °,,,Есть,,,2 ,,,,,,,,,,,,Есть,,,,,,,,,,,,,,,,,,,,,,,,,,,,,,
"Ultra HD (4K) LED телевизор 60"" LG 60UQ80006LB",74 999 р.,0,0,Китай,1 год,WebOS,,"60"" (152.4 см) ",LED ,3840x2160 Пикс (4K Ultra HD) ,Есть ,Есть ,Есть ,,Есть,,,Есть ,,,Есть,300x300 ,,Есть,Есть,Есть,"DVB-C, DVB-S, DVB-T, DVB-S2, DVB-T2 ",AI Sound,,Есть,,,,2 ,,,,,,Есть,Есть ,1,Есть ,Есть,Есть ,,,,,Есть ,,,,,,,,,,,60 Гц ,,Есть,"PAL, SECAM",20 Вт,,,16:9,,,VA,Direct LED,178 °,,,Есть,,,2 ,,,,,,,,,Есть,,,Есть,,,,,,,,,,,,,,,,,,,,,,,,,,,,,,
"LED телевизор 32"" AIWA 32FLE9600S",19 990 р.,2,1,Россия,1 год,Android TV,50 Вт,"32"" (81.3 см) ",LED ,1366x768 Пикс (HD-Ready) ,Есть ,Есть ,Есть ,,,,,Есть ,Есть,Есть,,,,,,Есть,"DVB-C, DVB-T, DVB-T2 ",,,,,,,3 ,,,,,,Есть,Есть ,1,Есть ,Есть,Есть ,,,,,Есть ,,,,42.5 см,72.4 см,8.8 см,,,Черный ,9.0,60 Гц ,,,"PAL, SECAM",2х6 Вт,,4.6 кг,,,,,,,,,,,,2 ,,,,,,,,,,,,,,,,,,,,,,,,,,,,,,,,,,,,,,,,,,
"LED телевизор 39"" GoldStar LT-39R800",16 990 р.,0,0,Россия,1 год,,60 Вт,"39"" (99 см) ",LED ,1366x768 Пикс (HD-Ready) ,,Есть ,,,,,,,,,,,,,,Есть,"DVB-C, DVB-T, DVB-T2 ",,,,,,,3 ,,,,,,,Есть ,1,,,,,,,,Есть ,,,,51.1 см,89 см,8.1 см,,,Черный ,,60 Гц ,,,"PAL, SECAM",2х6 Вт,,6.7 кг,,,,,,,,,,,,2 ,,,,,,,,,,,,,,,,,,,,,,,,,,,,,,,,,,,,,,,,,,
"Встраиваемый телевизор для кухни 24"" AVEL AVS240KS Black",72 990 р.,0,0,Китай,2 года,Android TV,20 Вт,"23.8"" (60.4 см) ",LED ,1920x1080 Пикс (Full HD) ,Есть ,Есть ,Есть ,Голосом ,,,,,,,,,,,,,"DVB-C, DVB-T, DVB-S2, DVB-T2 ",,,Есть,Есть,Есть,,2 ,,,Есть,,,Есть,Есть ,2,,,,,,,,,,,,,,,,,,9,60 Гц ,,,"NTSC, PAL, SECAM",2x5 Вт,,,16:9,A55,,IPS,,178 °,178 ° ,,,,,2 ,2.0,350 кд/м² ,1000:1,,"MP3, AVI, MKV, JPEG, WMA",,,,,,,,,8 ГБ,,,1.5 ГБ,,,,,,,SD,1.1 ГГц,Есть ,Есть,Есть,,,,,,,,,,,,,,
Встраиваемый Smart телевизор для кухни AVEL AVS240KS White,73 990 р.,0,0,Китай,2 года,Android TV,20 Вт,"23.8"" (60.4 см) ",LED ,3840x2160 Пикс (4K Ultra HD) ,,Есть ,Есть ,,,,,,,,Есть,,,Есть,,,"DVB-C, DVB-T, DVB-S2, DVB-T2 ",,,Есть,,Есть,,2 ,,,Есть,,,Есть,Есть ,2,Есть ,Есть,Есть ,,,,,,,,,45.5 см,59.4 см,,,,,9.0,60 Гц ,,,"NTSC, PAL, SECAM",10 Вт,,,16:9,Mali-470MP2,,IPS,,178 °,178 ° ,,,,,2 ,,350 кд/м² ,1000:1,,,,,,,,,,,8 ГБ,,,,ARM,,,,,,,1.1 ГГц,,Есть,,,,,,,,,,,,,,,
"Ultra HD (4K) LED телевизор 65"" TCL 65P635",44 990 р.,0,0,Китай,1 год,Android TV,98 Вт,"65"" (165.1 см) ",LED ,3840x2160 Пикс (4K Ultra HD) ,Есть ,Есть ,Есть ,Голосом ,Есть,Есть ,Есть,Есть ,,Есть,,,,,Есть,Есть,"DVB-C, DVB-S, DVB-T, DVB-C2, DVB-S2, DVB-T2 ",Dolby Audio,20 Вт,,,,,3 ,2.0,,,Есть,,,,,,,,,,,,,,,,,,,,,,Android Google TV 11,60 Гц ,,Есть,"PAL, SECAM",2 x 10 Вт,,,16:9,G31 MP2 800 МГц,,,Direct LED,,,,,,4,2 ,,,,,"JPEG, MPEG4",Есть,,,,,,Есть,,,,,,,,,,,,,1.3 ГГц,,,,Есть,,,,,,,,,,,,,
"LED телевизор 40"" Hyundai H-LED40BS5003",16 899 р.,5,14,Беларусь,1 год,Яндекс.ТВ,75 Вт,"40"" (101.6 см) ",LED ,1920x1080 Пикс (Full HD) ,,Есть ,Есть ,Голосом ,Есть,,Есть,,,Есть,Есть,,,,,Есть,"DVB-C, DVB-S, DVB-T, DVB-S2, DVB-T2 ",,,Есть,,,,3 ,"2.0, 1.4",,Есть,,,Есть,Есть ,2,Есть ,Есть,Есть ,,,,,,,,,,,,,,,,60 Гц ,,,"PAL, SECAM",16 Вт,,,16:9,Mali470 triple core,,,,178 °,178 ° ,,Есть,,,2 ,,220 кд/м² ,5000:1,9.5 мс,,,,,,,,Есть,,,,,,ARM,,,,,,,,,,,,Есть,,,,,,,,,,,,
Встраиваемый Smart телевизор для кухни AVEL AVS240WS,66 990 р.,0,0,Китай,2 года,Android TV,20 Вт,"23.8"" (60.4 см) ",OLED ,1920x1080 Пикс (Full HD) ,,Есть ,Есть ,Голосом ,,,,,,,,100x100 ,,Есть,,,"DVB-C, DVB-S, DVB-C2, DVB-S2, DVB-T2 ",,,Есть,,Есть,,2 ,,,Есть,,,Есть,Есть ,2,Есть ,Есть,Есть ,,,,,,,,,38.2 см,59.4 см,4.5 см,,,Белый ,9.0,60 Гц ,,,"PAL, SECAM",10 Вт,,8.5 кг,16:9,,,IPS,,,,,,,,,2.0,,,,,,,,,,,,,,,,,,,,,,,,,,Есть,,,,Встраиваемый,,,,,,,,,,,
"Ultra HD (4K) LED телевизор 50"" topdevice TDTV50BS06U_BK",21 690 р.,5,1,Россия,1 год,Android TV,100 Вт,"50"" (127 см) ",LED ,3840x2160 Пикс (4K Ultra HD) ,Есть ,Есть ,Есть ,,Есть,Есть ,Есть,Есть ,,Есть,Есть,200x200 ,,,Есть,Есть,"DVB-C, DVB-S, DVB-T, DVB-S2, DVB-T2 ",Dolby Audio,,Есть,Есть,,,3 ,,,,Есть,,,Есть ,2,Есть ,,Есть ,,,,,,,,,,,,,,,11,,,,"PAL, SECAM",2х10 Вт,,,16:9,,,,,178 °,178 ° ,,,,,2 ,,250 кд/м² ,5000:1,8 мс,,,,,,,,,,,,,,,Есть,,,,,,,,,,,,,,,,,,,,,,,
"Ultra HD (4K) LED телевизор 65"" Philips 65PUS7406",45 190 р.,0,0,Россия,1 год,Android TV,,"65"" (165.1 см) ",LED ,3840x2160 Пикс (4K Ultra HD) ,Есть ,Есть ,Есть ,,Есть,Есть ,Есть,,,,Есть,200x200 ,,Есть,Есть,Есть,"DVB-C, DVB-S, DVB-T, DVB-S2, DVB-T2 ",Dolby Atmos,,,,,,4 ,2.0,,,Есть,,Есть,Есть ,2,Есть ,Есть,Есть ,,,,,Есть ,86.73 см,144.75 см,30.56 см,,,,,,,Android 10.0,60 Гц ,,,"PAL, SECAM",20 Вт,,,16:9,,,,,,,,,,,2 ,2.0,,,,,,,,,,,,,,,,,,,,,,,,,,,,,,,,,,,,,,,,,
"Ultra HD (4K) LED телевизор 65"" Supra STV-LC65ST0045U",38 990 р.,0,0,Россия,1 год,Android TV,185 Вт,"65"" (165.1 см) ",LED ,3840x2160 Пикс (4K Ultra HD) ,,Есть ,Есть ,,Есть,Есть ,Есть,Есть ,,,,400x400 ,,Есть,,,"DVB-C, DVB-T, DVB-T2 ",,30 Вт,,,,,3 ,,,Есть,,,Есть,Есть ,2,Есть ,,Есть ,,,,,,,,,,,,,,,Android 9.0,60 Гц ,,,"PAL, SECAM",15 Вт,,,16:9,Cortex-A55 quad core,,,,178 °,178 ° ,,,,,2 ,,280 кд/м² ,,7 мс,,Есть,,,,,,,,8 ГБ,,120000:1,1.5 ГБ,ARM,,,,,,,,,,,,,,,,,,,,,,,,
"LED телевизор 43"" Econ EX-43FT003B",25 690 р.,0,0,Россия,1 год,,75 Вт,"43"" (109.2 см) ",LED ,1920x1080 Пикс (Full HD) ,,Есть ,,,,,,Есть ,,,Есть,200x200 ,,Есть,,,"DVB-C, DVB-T2 ",,16 Вт,,,,,3 ,,,,,,Есть,Есть ,2,,,,,,,,Есть ,61.5 см,96.3 см,22.1 см,55.9 см,96.3 см,8.3 см,,,Черный ,,50 Гц ,,,,2х8 Вт,,7.5 кг,16:9,,,,,178 °,178 ° ,,,,,2 ,2.0,260 кд/м² ,,8 мс,MKV,Есть,,,,,,,,,,120000:1,,,,,,,,,,,,,,,,,,,,,,,,,,
Встраиваемый Smart телевизор для кухни AVEL AVS240WS Black,65 990 р.,0,0,Китай,2 года,Android TV,24 Вт,"23.8"" (60.4 см) ",LED ,1920x1080 Пикс (Full HD) ,,Есть ,Есть ,Жестами ,,,,,,,,,,Есть,,,"DVB-C, DVB-S, DVB-T, DVB-C2, DVB-S2, DVB-T2 ",,,,,,,3 ,,,,,,Есть,Есть ,2,Есть ,,Есть ,,,,,,,,,38.2 см,59.4 см,5.2 см,,,Черный ,Android 9,60 Гц ,,,,16 Вт,,8.5 кг,16:9,Cortex A-17,,IPS,,178 °,178 ° ,,,,,2 ,2.0,250 кд/м² ,1000:1,,,,,,,,,,Есть,8 ГБ,,,1 ГБ,,,,,,,,1.8 ГГц,,,,,,,,,,,,,,,,,
"Ultra HD (4K) LED телевизор 65"" TCL 65P635",44 990 р.,0,0,Китай,1 год,Android TV,98 Вт,"65"" (165.1 см) ",LED ,3840x2160 Пикс (4K Ultra HD) ,Есть ,Есть ,Есть ,Голосом ,Есть,Есть ,Есть,Есть ,,Есть,,,,,Есть,Есть,"DVB-C, DVB-S, DVB-T, DVB-C2, DVB-S2, DVB-T2 ",Dolby Audio,20 Вт,,,,,3 ,2.0,,,Есть,,,,,,,,,,,,,,,,,,,,,,Android Google TV 11,60 Гц ,,Есть,"PAL, SECAM",2 x 10 Вт,,,16:9,G31 MP2 800 МГц,,,Direct LED,,,,,,4,2 ,,,,,"JPEG, MPEG4",Есть,,,,,,Есть,,,,,,,,,,,,,1.3 ГГц,,,,Есть,,,,,,,,,,,,,
"LED телевизор 40"" Hyundai H-LED40BS5003",16 899 р.,5,14,Беларусь,1 год,Яндекс.ТВ,75 Вт,"40"" (101.6 см) ",LED ,1920x1080 Пикс (Full HD) ,,Есть ,Есть ,Голосом ,Есть,,Есть,,,Есть,Есть,,,,,Есть,"DVB-C, DVB-S, DVB-T, DVB-S2, DVB-T2 ",,,Есть,,,,3 ,"2.0, 1.4",,Есть,,,Есть,Есть ,2,Есть ,Есть,Есть ,,,,,,,,,,,,,,,,60 Гц ,,,"PAL, SECAM",16 Вт,,,16:9,Mali470 triple core,,,,178 °,178 ° ,,Есть,,,2 ,,220 кд/м² ,5000:1,9.5 мс,,,,,,,,Есть,,,,,,ARM,,,,,,,,,,,,Есть,,,,,,,,,,,,
Встраиваемый Smart телевизор для кухни AVEL AVS240WS,66 990 р.,0,0,Китай,2 года,Android TV,20 Вт,"23.8"" (60.4 см) ",OLED ,1920x1080 Пикс (Full HD) ,,Есть ,Есть ,Голосом ,,,,,,,,100x100 ,,Есть,,,"DVB-C, DVB-S, DVB-C2, DVB-S2, DVB-T2 ",,,Есть,,Есть,,2 ,,,Есть,,,Есть,Есть ,2,Есть ,Есть,Есть ,,,,,,,,,38.2 см,59.4 см,4.5 см,,,Белый ,9.0,60 Гц ,,,"PAL, SECAM",10 Вт,,8.5 кг,16:9,,,IPS,,,,,,,,,2.0,,,,,,,,,,,,,,,,,,,,,,,,,,Есть,,,,Встраиваемый,,,,,,,,,,,
"Ultra HD (4K) LED телевизор 50"" topdevice TDTV50BS06U_BK",21 690 р.,5,1,Россия,1 год,Android TV,100 Вт,"50"" (127 см) ",LED ,3840x2160 Пикс (4K Ultra HD) ,Есть ,Есть ,Есть ,,Есть,Есть ,Есть,Есть ,,Есть,Есть,200x200 ,,,Есть,Есть,"DVB-C, DVB-S, DVB-T, DVB-S2, DVB-T2 ",Dolby Audio,,Есть,Есть,,,3 ,,,,Есть,,,Есть ,2,Есть ,,Есть ,,,,,,,,,,,,,,,11,,,,"PAL, SECAM",2х10 Вт,,,16:9,,,,,178 °,178 ° ,,,,,2 ,,250 кд/м² ,5000:1,8 мс,,,,,,,,,,,,,,,Есть,,,,,,,,,,,,,,,,,,,,,,,
"Ultra HD (4K) LED телевизор 65"" Philips 65PUS7406",45 190 р.,0,0,Россия,1 год,Android TV,,"65"" (165.1 см) ",LED ,3840x2160 Пикс (4K Ultra HD) ,Есть ,Есть ,Есть ,,Есть,Есть ,Есть,,,,Есть,200x200 ,,Есть,Есть,Есть,"DVB-C, DVB-S, DVB-T, DVB-S2, DVB-T2 ",Dolby Atmos,,,,,,4 ,2.0,,,Есть,,Есть,Есть ,2,Есть ,Есть,Есть ,,,,,Есть ,86.73 см,144.75 см,30.56 см,,,,,,,Android 10.0,60 Гц ,,,"PAL, SECAM",20 Вт,,,16:9,,,,,,,,,,,2 ,2.0,,,,,,,,,,,,,,,,,,,,,,,,,,,,,,,,,,,,,,,,,
"Ultra HD (4K) LED телевизор 65"" Supra STV-LC65ST0045U",38 990 р.,0,0,Россия,1 год,Android TV,185 Вт,"65"" (165.1 см) ",LED ,3840x2160 Пикс (4K Ultra HD) ,,Есть ,Есть ,,Есть,Есть ,Есть,Есть ,,,,400x400 ,,Есть,,,"DVB-C, DVB-T, DVB-T2 ",,30 Вт,,,,,3 ,,,Есть,,,Есть,Есть ,2,Есть ,,Есть ,,,,,,,,,,,,,,,Android 9.0,60 Гц ,,,"PAL, SECAM",15 Вт,,,16:9,Cortex-A55 quad core,,,,178 °,178 ° ,,,,,2 ,,280 кд/м² ,,7 мс,,Есть,,,,,,,,8 ГБ,,120000:1,1.5 ГБ,ARM,,,,,,,,,,,,,,,,,,,,,,,,
"LED телевизор 43"" Econ EX-43FT003B",25 690 р.,0,0,Россия,1 год,,75 Вт,"43"" (109.2 см) ",LED ,1920x1080 Пикс (Full HD) ,,Есть ,,,,,,Есть ,,,Есть,200x200 ,,Есть,,,"DVB-C, DVB-T2 ",,16 Вт,,,,,3 ,,,,,,Есть,Есть ,2,,,,,,,,Есть ,61.5 см,96.3 см,22.1 см,55.9 см,96.3 см,8.3 см,,,Черный ,,50 Гц ,,,,2х8 Вт,,7.5 кг,16:9,,,,,178 °,178 ° ,,,,,2 ,2.0,260 кд/м² ,,8 мс,MKV,Есть,,,,,,,,,,120000:1,,,,,,,,,,,,,,,,,,,,,,,,,,
"LED телевизор 40"" Econ EX-40FT009B",14 990 р.,0,0,Россия,1 год,Android TV,,"40"" (101.6 см) ",LED ,1920x1080 Пикс (Full HD) ,,Есть ,,,,,,Есть ,,,,200x200 ,,,Есть,Есть,"DVB-C, DVB-T2 ",,,,,Есть,,2 ,,,Есть,,,Есть,Есть ,2,,,,,,,,Есть ,57 см,91 см,19.2 см,52.3 см,91 см,,,,,Android 9.0,50 Гц ,,,,2х8 Вт,,,16:9,,,,,178 °,178 ° ,,,,,2 ,,280 кд/м² ,,8 мс,MKV,,,,,,,,,8 ГБ,,120000:1,1 ГБ,,,,,,,,,,,,,,,,,,,,,,,,,
"LED телевизор 32"" Skyline 32YST5970",10 990 р.,0,0,Беларусь,1 год,Android TV,48 Вт,"32"" (81.3 см) ",LED ,1366x768 Пикс (HD-Ready) ,,Есть ,Есть ,,,,,Есть ,Есть,,,,,,Есть,,"DVB-C, DVB-T, DVB-T2 ",,12 Вт,Есть,,Есть,,3 ,,,Есть,,,Есть,Есть ,,,,,,,,,,,,,,,,,,,9.0,50 Гц ,,,"PAL, SECAM",2х6 Вт,Dolby Digital,,16:9,,,TN,Direct LED,178 °,178 ° ,,Есть,,,2 ,,230 кд/м² ,,8 мс,"MP3, MKV, MPEG4",Есть,,,,,,,Есть,4 ГБ,,70000:1,1 ГБ,,,,,,,,,,Есть,,,,,,,,,,,,,,,
"LED телевизор 40"" Skyline 40LT5900",14 290 р.,0,0,Россия,1 год,,74 Вт,"40"" (101.6 см) ",LED ,1920x1080 Пикс (Full HD) ,,Есть ,,,,,,Есть ,Есть,,Есть,200x200 ,,Есть,,,"DVB-C, DVB-T, DVB-T2 ",,,Есть,,Есть,,2 ,1.4,,,,,Есть,Есть ,1,,,,,,,,,56.7 см,91 см,19 см,52.7 см,91 см,,,,,,50 Гц ,,,"PAL, SECAM",2x10 Вт,,,16:9,,,VA,Direct LED,178 °,178 ° ,,,,,2 ,2.0,240 кд/м² ,,8 мс,,,,,,,,,Есть,,,80000:1,,,,,,,,,,,Есть,,,,,,,,,,,,,,,
"LED телевизор 43"" Skyline 43LT5900",15 490 р.,0,0,Беларусь,1 год,,74 Вт,"43"" (109.2 см) ",LED ,1920x1080 Пикс (Full HD) ,,Есть ,,,,,,Есть ,Есть,Есть,Есть,200x200 ,,Есть,,,"DVB-C, DVB-T, DVB-T2 ",,,Есть,,Есть,,3 ,1.4,Есть,,,,Есть,Есть ,1,,,,,,,,,59.91 см,96.59 см,,,,,,,,,50 Гц ,,,"PAL, SECAM",2x10 Вт,,,16:9,,,VA,Direct LED,178 °,178 ° ,,,,,2 ,2.0,250 кд/м² ,,8 мс,,,,,,,,,Есть,,,90000:1,,,,,,,Есть,,,,Есть,,,,,,,,,,,,,,,
"Ultra HD (4K) LED телевизор 75"" Hisense 75A6BG",90 190 р.,5,1,Китай,1 год,VIDAA,180 Вт,"75"" (190.5 см) ",LED ,3840x2160 Пикс (4K Ultra HD) ,Есть ,Есть ,Есть ,Голосом ,Есть,,Есть,Есть ,Есть,Есть,,,Есть,,,Есть,"DVB-C, DVB-S, DVB-T, DVB-S2, DVB-T2 ",DTS Virtual X,,Есть,Есть,,,3 ,2.0,,,,,,Есть ,2,,,,,,,,,,,,,,,,,,5.0,60 Гц ,,Есть,"PAL, SECAM",2х15 Вт,,,16:9,,,,Direct LED,178 °,178 ° ,,,,,2 ,2.0,350 кд/м² ,,,"AVI, MKV, JPEG, WMA, MPEG4",Есть,,,,,,,,,,,,,,,,,,,,,,,,,,,,,,,,,,,,
"Ultra HD (4K) LED телевизор 75"" LG 75UQ81009LC",126 590 р.,0,0,Индонезия,1 год,WebOS,110 Вт,"75"" (190.5 см) ",LED ,3840x2160 Пикс (4K Ultra HD) ,Есть ,Есть ,Есть ,Голосом ,Есть,Есть ,Есть,Есть ,,,,,Есть,,Есть,Есть,"DVB-C, DVB-S, DVB-T, DVB-S2, DVB-T2 ",AI Sound,,Есть,,,,2 ,2.0,,,Есть,,Есть,Есть ,1,Есть ,Есть,,,,,,,,,,,,,,,,,60 Гц ,,Есть,"NTSC, PAL, SECAM",20 Вт,,,16:9,,,,Direct LED,,,,Есть,Есть,4,2 ,2.0,,,,,,,,,,,,,,,,,,,,,,,,,,,,,,,,,,,,,,,,,
"Ultra HD (4K) LED телевизор 86"" LG 86UQ91006LA",220 790 р.,0,0,Польша,1 год,WebOS,,"86"" (218.4 см) ",LED ,3840x2160 Пикс (4K Ultra HD) ,Есть ,Есть ,Есть ,Голосом ,Есть,Есть ,Есть,Есть ,,,,,Есть,,Есть,Есть,"DVB-C, DVB-S, DVB-T, DVB-S2, DVB-T2 ",AI Sound Pro,,,,,,4 ,,,,Есть,,,Есть ,2,Есть ,Есть,,,,,,,,,,,,,,,,,120 Гц ,,Есть,"PAL, SECAM",2х10 Вт,,,16:9,α7 Gen5 4K,,IPS,Direct LED,,,,Есть,Есть,4,2 ,2.0,,,,,Есть,,,,,,,,,,,,,,,,,,,,,,,,,,Есть,,,,,,,,,,
"Ultra HD (4K) LED телевизор 75"" Sony KD-75X81K",171 990 р.,0,0,Китай,1 год,Android TV,205 Вт,"75"" (190.5 см) ",LED ,3840x2160 Пикс (4K Ultra HD) ,Есть ,Есть ,Есть ,Голосом ,Есть,,Есть,Есть ,Есть,Есть,Есть,,Есть,,,Есть,"DVB-C, DVB-S, DVB-T, DVB-C2, DVB-S2, DVB-T2 ",,,Есть,,,,4 ,2.1,,,Есть,,,Есть ,2,Есть ,Есть,Есть ,,,,,,,,,,,,,,,11.0,50 Гц ,Motionflow XR 200,,"PAL, SECAM",2х10 Вт,,,16:9,,,,Direct LED,,,,,Есть,,2 ,2.0,,,,,,,,,,,Есть,,16 ГБ,,,,,,,,,,,,,,,,,,,,,,,,,,,,
"Ultra HD (4K) LED телевизор 50"" LG NanoCell 50NANO769QA",57 990 р.,5,1,Россия,1 год,WebOS,130 Вт,"50"" (127 см) ",NanoCell ,3840x2160 Пикс (4K Ultra HD) ,Есть ,Есть ,Есть ,Голосом ,Есть,Есть ,Есть,Есть ,,,,,Есть,,Есть,Есть,"DVB-C, DVB-S, DVB-T, DVB-S2, DVB-T2 ",AI Sound Pro,,Есть,,,,3 ,2.0,,,Есть,,Есть,Есть ,2,Есть ,Есть,Есть ,,,,,,,,,,,,,,,,60 Гц ,,Есть,"NTSC, PAL, SECAM",2х10 Вт,,,16:9,,,,Direct LED,,,,Есть,Есть,4,2 ,,,,,,,,,,,,,,,,,,,,,,,,,,,,,,,,,,,,,,,,,,
"LED телевизор 43"" Kivi 43F750NB",23 999 р.,0,0,Беларусь,1 год,Android TV,69 Вт,"43"" (109.2 см) ",LED ,1920x1080 Пикс (Full HD) ,,Есть ,Есть ,Голосом ,,,,,,,Есть,,Есть,,,Есть,"DVB-C, DVB-T, DVB-T2 ",,,,,,,2 ,,,,,,Есть,Есть ,2,Есть ,Есть,Есть ,,,,,Есть ,,,,55.8 см,95.8 см,7.2 см,,,Черный ,11,60 Гц ,,,"PAL, SECAM",16 Вт,,7 кг,,,,IPS,,,,,,,,,,,,,,,,,,,,,,,,,,,,,,,,,,,,,,,,,,,,,,,,,,
"Ultra HD (4K) LED телевизор 43"" Kivi 43U740NB",22 999 р.,5,1,Беларусь,1 год,Android TV,52 Вт,"43"" (109.2 см) ",LED ,3840x2160 Пикс (4K Ultra HD) ,Есть ,Есть ,Есть ,Голосом ,,,,,,,Есть,,Есть,,,Есть,"DVB-C, DVB-T, DVB-T2 ",,20 Вт,,,,,4 ,,,,,,Есть,Есть ,3,Есть ,Есть,Есть ,,,,,Есть ,,,,55.7 см,96.2 см,8.5 см,,,Черный ,9,60 Гц ,,Есть,"PAL, SECAM",,,7.3 кг,,,,Super-MVA,,,,,,,,,,,,,,,,,,,,,,,,,,,,,,,,,,,,,,,,,,,,,,,,,,
"Ultra HD (4K) QLED телевизор 43"" Hisense 43E7HQ",30 190 р.,5,1,Китай,1 год,VIDAA,,"43"" (109.2 см) ",QLED ,3840x2160 Пикс (4K Ultra HD) ,Есть ,Есть ,,,Есть,,Есть,Есть ,Есть,,Есть,200x200 ,,Есть,,Есть,"DVB-C, DVB-S, DVB-T, DVB-S2, DVB-T2 ",,,Есть,,,,3 ,,,,,,,Есть ,2,Есть ,Есть,Есть ,,,,,,,,,,,,,,,OS5,60 Гц ,,Есть,,2х7 Вт,,,16:9,MT9602,,,Direct LED,178 °,178 ° ,,,,,2 ,,250 кд/м² ,3800:1,,"MP3, AVI, MKV, MPEG4",,,,,,,,,,,,,,,,,,,,,,,,,,,,,,,,,,,,,
"Ultra HD (4K) LED телевизор 55"" LG 55UQ81009LC",63 490 р.,0,0,Россия,1 год,WebOS,135 Вт,"55"" (139.7 см) ",LED ,3840x2160 Пикс (4K Ultra HD) ,Есть ,Есть ,Есть ,Голосом ,Есть,Есть ,Есть,Есть ,,,Есть,,Есть,,Есть,Есть,"DVB-C, DVB-S, DVB-T, DVB-S2, DVB-T2 ",AI Sound,,Есть,,,,2 ,2.0,,,Есть,,,Есть ,1,Есть ,Есть,Есть ,,,,,,,,,,,,,,,,60 Гц ,,Есть,"PAL, SECAM",2х10 Вт,,,16:9,,Есть,,Direct LED,,,Есть,,Есть,,2 ,2.0,,,,,,,,,,,,,,,,,,,,,,,,,,,,,,,,,,,,,,,,,
"Ultra HD (4K) LED телевизор 58"" BQ 58U750TS",46 990 р.,0,0,Китай,1 год,WebOS,,"65"" (165.1 см) ",LED ,3840x2160 Пикс (4K Ultra HD) ,,Есть ,Есть ,Голосом ,,,,,,,,,,,,Есть,,,,Есть,,,,3 ,,,,,,Есть,Есть ,2,,Есть,Есть ,,,,,Есть ,89 см,145.2 см,25.8 см,,,,,17.1 кг,Черный ,5.0,60 Гц ,,,,2х8 Вт,,17.2 кг,16:9,,,,,,,,,,,2 ,,,,,,,,,,,,,,,,,,,,,,,,,,,,,,,3D фильтр шума,,,,,,,,,,,
"Ultra HD (4K) LED телевизор 55"" Sony XR-55X90S",134 990 р.,5,1,Словакия,1 год,Android TV,134 Вт,"55"" (139.7 см) ",LED ,3840x2160 Пикс (4K Ultra HD) ,Есть ,Есть ,Есть ,Голосом ,Есть,Есть ,Есть,Есть ,Есть,Есть,,,Есть,,Есть,Есть,"DVB-C, DVB-S, DVB-T, DVB-S2, DVB-T2 ",Dolby Digital,,Есть,,,,4 ,2.1,,,,,Есть,Есть ,2,,,,,,,,,,,,,,,,,,11.0,100 Гц ,XR Motion Clarity 700,Есть,"PAL, SECAM",20 Вт,,,,,,,Direct LED,,,,,Есть,,2 ,2.0,,,,,,,,,,,Есть,,16 ГБ,,,,,,,,,,,,,,,,,,,,,,,,,,,,
"Ultra HD (4K) LED телевизор 65"" Sony XR-65X90K",195 990 р.,0,0,Словакия,1 год,Android TV,150 Вт,"65"" (165.1 см) ",LED ,3840x2160 Пикс (4K Ultra HD) ,Есть ,Есть ,Есть ,Голосом ,Есть,,,,,,,300x300 ,,Есть,Есть,,"DVB-C, DVB-S, DVB-T, DVB-S2, DVB-T2 ",,,Есть,Есть,,,4 ,2.1,,,Есть,,Есть,Есть ,2,Есть ,Есть,Есть ,,,,,Есть ,,,,,,,,,,,100 Гц ,,,"PAL, SECAM",30 Вт,,,16:9,,,,Direct LED,178 °,178 ° ,,,Есть,,4 ,4.0,,,,,,,,,,,Есть,,16 ГБ,,,,,,,,,,,,,,,,,,,,,,,,,,,,
"Ultra HD (4K) OLED телевизор 65"" Toshiba 65X9900LE",224 999 р.,5,8,Китай,1 год,VIDAA,420 Вт,"65"" (165.1 см) ",OLED ,3840x2160 Пикс (4K Ultra HD) ,Есть ,Есть ,Есть ,Голосом ,Есть,,Есть,,Есть,Есть,Есть,400x300 ,Есть,Есть,,Есть,"DVB-C, DVB-S, DVB-T, DVB-S2, DVB-T2 ",Dolby Atmos,,Есть,,,,4 ,2.1,,,,,Есть,Есть ,2,Есть ,Есть,Есть ,,,,,,,,,,,,,,,6.0,120 Гц ,"HDR10+, HLG, Dolby Vision 1700",Есть,"PAL, SECAM",80 Вт,,,16:9,,,,,,,,,,,,,,,,,,,,,,,,,,,,,,,,,,,,,,,,,,,,Есть,,,,,,,,,
"Ultra HD (4K) LED телевизор 50"" Blackton Bt 50FSU32B",22 290 р.,0,0,Россия,1 год,Android TV,120 Вт,"50"" (127 см) ",LED ,3840x2160 Пикс (4K Ultra HD) ,,,Есть ,,,,,,,,,,,Есть,,,"DVB-C, DVB-S, DVB-T, DVB-T2 ",,,Есть,,Есть,,3 ,,,,,,Есть,Есть ,2,Есть ,,Есть ,,,,,Есть ,71 см,112.2 см,25.8 см,64.8 см,112.2 см,8.1 см,,9.3 кг,Черный ,,60 Гц ,,,,2x8 Вт,,9.5 кг,16:9,,,,,,,,,,,2 ,2.0,,,,,,,,Есть,,,,,,,,,,,,,,,,,,,,,,,,,,,,,,,,,
"LED телевизор 43"" Yuno ULX-43FTCS2234",17 990 р.,0,0,Россия,1 год,Яндекс.ТВ,70 Вт,"43"" (109.2 см) ",LED ,1920x1080 Пикс (Full HD) ,,Есть ,Есть ,Голосом ,,,,,,,Есть,200x100 ,,Есть,,,"DVB-C, DVB-S2, DVB-T2 ",,,,Есть,Есть,,3 ,"2.2, 1.4",,Есть,Есть,,Есть,Есть ,2,Есть ,Есть,Есть ,,,,,,,,,,,,,,,,60 Гц ,,,"PAL, SECAM",2х10 Вт,,,16:9,,,,,178 °,178 ° ,,,,,2 ,2.0,260 кд/м² ,,8 мс,,,,,,,,,,8 ГБ,,,1 ГБ,,,,,,Есть,,,,,,,,,,,Есть ,,,,,,,,
"Ultra HD (4K) LED телевизор 65"" Skyline 65U7510",43 990 р.,0,0,Беларусь,1 год,Android TV,155 Вт,"65"" (165.1 см) ",LED ,3840x2160 Пикс (4K Ultra HD) ,Есть ,Есть ,Есть ,,,,Есть,Есть ,Есть,,,,,,,Есть,"DVB-T, DVB-T2 ",,,Есть,,Есть,Есть,4 ,"2.1, 1.4",Есть,Есть,,,Есть,Есть ,,,,,,,,,,,,,,,,,,,11,60 Гц ,,Есть,"PAL, SECAM",2х8 Вт,,,16:9,,,,,178 °,178 ° ,,,,,2 ,2.0,300 кд/м² ,,8 мс,,,,,,,,,,8 ГБ,,140000:1,1.5 ГБ,,,,,,,,,,Есть,,,,,,,,,,,,,,,
"Ultra HD (4K) OLED телевизор 65"" Haier H65S9UG Pro",119 990 р.,4,4,Китай,1 год,Android TV,420 Вт,"65"" (165.1 см) ",OLED ,3840x2160 Пикс (4K Ultra HD) ,Есть ,Есть ,Есть ,Голосом ,Есть,,Есть,,Есть,Есть,Есть,,,,,Есть,"DVB-C, DVB-T, DVB-S2, DVB-T2 ",Dolby Atmos,,,,,,3 ,2.1,,,,,,Есть ,2,,Есть,Есть ,,,,,,,,,,,,,,,10,120 Гц ,,,"PAL, SECAM",20 Вт,,,16:9,,,,,178 °,178 ° ,,,,,2 ,,1000 кд/м² ,Бесконечная,1 мс,,Есть,,,,,,Есть,,,,,,,Есть,,,,,SD,,,,Есть,,,,,,,,,,,,,,
"LED телевизор 24"" Hi VHIT-24H179MS",8 799 р.,0,0,Беларусь,1 год,,36 Вт,"24"" (61 см) ",LED ,1366x768 Пикс (HD-Ready) ,,Есть ,,,Есть,,Есть,,Есть,Есть,,100x100 ,,Есть,,Есть,"DVB-C, DVB-S, DVB-T, DVB-S2, DVB-T2 ",,,,,,,1 ,1.3,,,,,Есть,Есть ,1,,,,,,,,Есть ,,,,36.6 см,55.2 см,6.7 см,3.8 кг,2.2 кг,Черный ,,,,,,6 Вт,,,16:9,,,IPS,,,,,,,,2 ,,,,,,,,,,,,,,,,,,,,,,,,,,,,,,,,,,,Есть,,,,,,,
"Ultra HD (4K) LED телевизор 55"" Kivi 55U740NB",32 999 р.,5,1,Беларусь,1 год,Android TV,109 Вт,"55"" (139.7 см) ",LED ,3840x2160 Пикс (4K Ultra HD) ,Есть ,Есть ,Есть ,Голосом ,,,,,,,Есть,,Есть,,,Есть,"DVB-C, DVB-T, DVB-T2 ",,,,,,,4 ,,,,,,Есть,Есть ,3,Есть ,Есть,Есть ,,,,,Есть ,,,,72 см,123.1 см,8.2 см,,,Черный ,9.0,60 Гц ,,Есть,"PAL, SECAM",20 Вт,,11 кг,,,,VA,,,,,,,,,,,,,,,,,,,,,,,,,,,,,,,,,,,,,,,,,,,,Есть ,,,,,,
"Ultra HD (4K) LED телевизор 55"" Kivi 55U750NB",39 999 р.,5,9,Беларусь,1 год,Android TV,109 Вт,"55"" (139.7 см) ",LED ,3840x2160 Пикс (4K Ultra HD) ,Есть ,Есть ,Есть ,Голосом ,,,,,,,Есть,,Есть,,,Есть,"DVB-C, DVB-T, DVB-T2 ",,,,,,,4 ,,,,,,Есть,Есть ,2,Есть ,Есть,Есть ,,,,,Есть ,,,,71 см,123 см,6.5 см,,,Черный ,11,60 Гц ,МЕМС,Есть,"PAL, SECAM",24 Вт,,12.8 кг,,,,VA,,,,,,,,,,,,,,,,,,,,,,,,,,,,,,,,,,,,,,,,,,,,Есть ,,,,,,
"LED телевизор 32"" Kivi 32H740LW",14 999 р.,5,6,Беларусь,1 год,Android TV,40 Вт,"32"" (81.3 см) ",LED ,1366x768 Пикс (HD-Ready) ,Есть ,Есть ,Есть ,Голосом ,,,,,,,Есть,,Есть,,,Есть,"DVB-C, DVB-T, DVB-T2 ",,,,,,,3 ,,,,,,Есть,Есть ,2,Есть ,Есть,Есть ,,,,,Есть ,,,,42.5 см,72 см,6.4 см,,,Белый ,9.0,60 Гц ,,,"PAL, SECAM",16 Вт,,4.1 кг,,,,MVA,,,,,,,,,,,,,,,,,,,,,,,,,,,,,,,,,,,,,,,,,,,,,,,,,,
"LED телевизор 32"" Kivi 32H550NB",9 999 р.,5,7,Беларусь,1 год,,33 Вт,"32"" (81.3 см) ",LED ,1366x768 Пикс (HD-Ready) ,,Есть ,,,,,,,,,Есть,,,,,Есть,"DVB-C, DVB-T, DVB-T2 ",,,,,,,2 ,,,,,,Есть,Есть ,1,,,,,,,,Есть ,,,,42.5 см,72.2 см,6.3 см,,,Черный ,,60 Гц ,,,"PAL, SECAM",16 Вт,,4.2 кг,,,,MVA,,,,,,,,,,,,,,,,,,,,,,,,,,,,,,,,,,,,,,,,,,,,,,,,,,
"LED телевизор 32"" Kivi 32F750NB",17 999 р.,5,7,Беларусь,1 год,Android TV,33 Вт,"32"" (81.3 см) ",LED ,1920x1080 Пикс (Full HD) ,,Есть ,Есть ,Голосом ,,,,,,,Есть,200x100 ,Есть,Есть,,Есть,"DVB-C, DVB-T, DVB-T2 ",Dolby Digital,,Есть,,,,3 ,1.4a,,,Есть,,Есть,Есть ,2,Есть ,Есть,Есть ,,,,,Есть ,46.5 см,72.1 см,21 см,42.5 см,,,,,,11,60 Гц ,,,"PAL, SECAM",16 Вт,,,,,,,,,,,,,,2 ,,,,,,Есть,,,Есть,,,,,,,,,,,,,,,,,,,,,,,,,,,,,,,,,
"LED телевизор 32"" Kivi 32F740LB",17 999 р.,5,7,Беларусь,1 год,Android TV,40 Вт,"32"" (81.3 см) ",LED ,1920x1080 Пикс (Full HD) ,Есть ,Есть ,Есть ,Голосом ,,,,,,,Есть,,Есть,,,Есть,"DVB-C, DVB-T2 ",Dolby Digital,,Есть,,,,3 ,1.4a,,,Есть,,Есть,Есть ,2,Есть ,Есть,Есть ,,,,,,,,,,,,,,,9,60 Гц ,,,"PAL, SECAM",16 Вт,,,16:9,,,,Direct LED,,,,,,4,2 ,,300 кд/м² ,6000:1,8.5 мс,,Есть,,,,,,,,8 ГБ,,,1 ГБ,,,,,,,,,,,,,,,,,,,,,,,,,
"LED телевизор 32"" Kivi 32F790LW",18 999 р.,5,6,Беларусь,1 год,Android TV,40 Вт,"32"" (81.3 см) ",LED ,1920x1080 Пикс (Full HD) ,Есть ,Есть ,Есть ,Голосом ,,,,,,,Есть,200x100 ,Есть,,,Есть,"DVB-C, DVB-T2 ",Dolby Digital,,Есть,,,,3 ,1.4a,,,Есть,,Есть,Есть ,2,Есть ,Есть,Есть ,,,,,,,,,,,,,,,9,60 Гц ,,,"PAL, SECAM",16 Вт,,,16:9,,,,Direct LED,,,,,,4,2 ,,300 кд/м² ,6000:1,8.5 мс,,,,,,,,,,8 ГБ,,,1 ГБ,,,,,,,,,,,,,,,,,,,,,,,,,
"Ultra HD (4K) QLED телевизор 55"" Hisense 55E7HQ Smart",45 190 р.,5,1,Китай,1 год,VIDAA,,"55"" (139.7 см) ",QLED ,3840x2160 Пикс (4K Ultra HD) ,Есть ,,Есть ,,,,,Есть ,,,Есть,200x300 ,,Есть,,Есть,"DVB-C, DVB-S, DVB-T, DVB-S2, DVB-T2 ",DTS Virtual-X,,,,,,3 ,,,,,,,Есть ,5,,Есть,Есть ,,,,,Есть ,76.8 см,,,,,,,,,5.0,60 Гц ,,Есть,,2x8 Вт,,,16:9,NT72671D,,,Direct LED,178 °,178 ° ,,,,,2 ,2.0,250 кд/м² ,3800:1,,,,,,Есть,Есть,,,,,,,,,,,,,,,,,,,,,,,,,,,,,,,,
"LED телевизор 24"" Kivi 24H750NB",15 999 р.,5,2,Беларусь,1 год,Android TV,30 Вт,"24"" (61 см) ",LED ,1366x768 Пикс (HD-Ready) ,,Есть ,Есть ,,,,,,,,Есть,,Есть,,,Есть,"DVB-C, DVB-T, DVB-T2 ",,,,,,,3 ,,,,,,Есть,Есть ,2,Есть ,Есть,Есть ,,,,,Есть ,,,,32.2 см,55 см,6 см,,,Черный ,9.0,60 Гц ,,,"PAL, SECAM",10 Вт,,2.7 кг,,,,MVA,,,,,,,,,,,,,,,,,,,,,,,,,,,,,,,,,,,,,,,,,,,,,,,,,,
"Ultra HD (4K) LED телевизор 43"" Grundig 43 GHU 7830",41 999 р.,5,5,Турция,1 год,Android TV,51.1 Вт,"43"" (109.2 см) ",LED ,3840x2160 Пикс (4K Ultra HD) ,Есть ,Есть ,Есть ,,Есть,Есть ,Есть,,Есть,Есть,Есть,200x100 ,Есть,Есть,,Есть,"DVB-C, DVB-S2, DVB-T2 ",Dolby Digital,,,,,,3 ,2.1,,,,,Есть,Есть ,2,Есть ,Есть,Есть ,,,,,Есть ,,,,,,,,,,11,60 Гц ,UHD 4K 1000,Есть,"PAL, SECAM",2х10 Вт,,,16:9,,,,,,,,,,,2 ,,,,,,,,,,,,,,,,,,,,,,,,,,,,,,,,,,,,,,,,,,
"Ultra HD (4K) LED телевизор 43"" Grundig 43 GHU 7930",45 999 р.,5,2,Турция,1 год,,51.1 Вт,"43"" (109.2 см) ",LED ,3840x2160 Пикс (4K Ultra HD) ,Есть ,Есть ,Есть ,Голосом ,Есть,Есть ,Есть,,Есть,Есть,Есть,200x100 ,Есть,Есть,,Есть,"DVB-C, DVB-S2, DVB-T2 ",Dolby Digital,,,,,,3 ,2.1,,,,,Есть,Есть ,2,Есть ,Есть,Есть ,,,,,Есть ,,,,,,,,,,11,60 Гц ,Micro Dimming 1000,Есть,"PAL, SECAM",2х10 Вт,,,,,,,,,,,,,,2 ,,,,,,,,,,,,,,,,,,,,,,,,,,,,,,,,,,,,,,,,,,
"Ultra HD (4K) OLED телевизор 55"" Toshiba 55X9900LE",174 999 р.,5,6,Китай,1 год,VIDAA,350 Вт,"55"" (139.7 см) ",OLED ,3840x2160 Пикс (4K Ultra HD) ,Есть ,Есть ,Есть ,Голосом ,,,Есть,Есть ,Есть,Есть,,,Есть,,,Есть,"DVB-C, DVB-S, DVB-T, DVB-S2, DVB-T2 ",Dolby Audio/ Dolby Atmos/ Acoustic Surface Audio+,,Есть,,,,4 ,,,,,,Есть,Есть ,2,Есть ,Есть,Есть ,,,,,,,,,,,,,,,6.0,120 Гц ,,Есть,"PAL, SECAM",80 Вт,,,16:9,Quad Core,,,,178 °,178 ° ,,,,,,,150 кд/м² ,150000:1,3 мс,,,,,,,,,,,,,,Intel,,,,,,,,,,,,,,,,,,,,,,,,
"Ultra HD (4K) LED телевизор 50"" Grundig 50 GHU 7830",49 999 р.,5,2,Турция,1 год,,,"50"" (127 см) ",LED ,3840x2160 Пикс (4K Ultra HD) ,Есть ,Есть ,Есть ,,Есть,Есть ,Есть,,Есть,Есть,Есть,200x100 ,Есть,Есть,,Есть,"DVB-C, DVB-S2, DVB-T2 ",Dolby Digital,,,,,,3 ,2.1,,,,,Есть,Есть ,2,Есть ,Есть,Есть ,,,,,Есть ,,,,,,,,,,11,60 Гц ,UHD 4K 1000,Есть,"PAL, SECAM",2х10 Вт,,,16:9,,,,,,,,,,,2 ,,,,,,,,,,,,,,,,,,,,,,,,,,,,,,,,,,,,,Есть,,,,,
"Ultra HD (4K) LED телевизор 50"" Grundig 50 GHU 7930",55 999 р.,5,5,Турция,1 год,,59.1 Вт,"50"" (127 см) ",LED ,3840x2160 Пикс (4K Ultra HD) ,Есть ,Есть ,Есть ,Голосом ,Есть,Есть ,Есть,,Есть,Есть,Есть,200x100 ,Есть,Есть,,Есть,"DVB-C, DVB-T, DVB-S2 ",Dolby Digital,,,,,,3 ,2.1,,,,,Есть,Есть ,2,Есть ,Есть,Есть ,,,,,Есть ,,,,,,,,,,11,60 Гц ,Micro Dimming 1000,Есть,"PAL, SECAM",2х10 Вт,,,16:9,,,,,,,,,,,2 ,,,,,,,,,,,,,,,,,,,,,,,,,,,,,,,,,,,,,,,,,,
"Ultra HD (4K) LED телевизор 55"" Grundig 55 GHU 7980",59 999 р.,5,3,Турция,1 год,,77.6 Вт,"55"" (139.7 см) ",LED ,3840x2160 Пикс (4K Ultra HD) ,Есть ,Есть ,Есть ,Голосом ,Есть,Есть ,Есть,,Есть,Есть,Есть,200x100 ,Есть,Есть,,Есть,"DVB-C, DVB-T, DVB-S2 ",Dolby Digital,,,,,,3 ,2.1,,,,,Есть,Есть ,2,Есть ,Есть,Есть ,,,,,Есть ,,,,,,,,,,11,60 Гц ,Micro Dimming 1000,Есть,"PAL, SECAM",2х10 Вт,,,16:9,,,,,,,,,,,2 ,,,,,,,,,,,,,,,,,,,,,,,,,,,,,,,,,,,,,,,,,,
"Ultra HD (4K) LED телевизор 55"" Grundig 55 GHU 7930",64 999 р.,5,5,Турция,1 год,,51.1 Вт,"55"" (139.7 см) ",LED ,3840x2160 Пикс (4K Ultra HD) ,Есть ,Есть ,Есть ,Голосом ,Есть,Есть ,Есть,,Есть,Есть,Есть,200x100 ,Есть,Есть,,Есть,"DVB-C, DVB-T, DVB-S2 ",Dolby Digital,,,,,,3 ,2.1,,,,,Есть,Есть ,2,Есть ,Есть,Есть ,,,,,Есть ,,,,,,,,,,11,60 Гц ,Micro Dimming 1000,Есть,"PAL, SECAM",2х10 Вт,,,16:9,,,,,,,,,,,2 ,,,,,,,,,,,,,,,,,,,,,,,,,,,,,,,,,,,,,,,,,,
"Ultra HD (4K) LED телевизор 65"" Grundig 65 GHU 7930",78 999 р.,5,3,Турция,1 год,,101 Вт,"65"" (165.1 см) ",LED ,3840x2160 Пикс (4K Ultra HD) ,Есть ,Есть ,Есть ,Голосом ,Есть,Есть ,Есть,,Есть,Есть,Есть,200x100 ,Есть,Есть,,Есть,"DVB-C, DVB-S2, DVB-T2 ",Dolby Digital,,,,,,3 ,2.1,,,,,Есть,Есть ,2,Есть ,Есть,Есть ,,,,,Есть ,,,,,,,,,,11,60 Гц ,UHD 4K 1000,Есть,"PAL, SECAM",2х10 Вт,,,16:9,,,,,,,,,,,2 ,,,,,,,,,,,,,,,,,,,,,,,,,,,,,,,,,,,,,,,,,,
"Ultra HD (4K) LED телевизор 65"" Grundig 65 GHU 7980",74 999 р.,5,4,Турция,1 год,,101 Вт,"65"" (165.1 см) ",LED ,3840x2160 Пикс (4K Ultra HD) ,Есть ,Есть ,Есть ,Голосом ,Есть,Есть ,Есть,,Есть,Есть,Есть,200x100 ,Есть,Есть,,Есть,"DVB-C, DVB-S2, DVB-T2 ",Dolby Digital,,,,,,3 ,2.1,,,,,Есть,Есть ,2,Есть ,Есть,Есть ,,,,,,,,,,,,,,,11,60 Гц ,UHD 4K 1000,Есть,"PAL, SECAM",2х10 Вт,,,16:9,,,,,,,,,,,2 ,,,,,,,,,,,,,,,,,,,,,,,,,,,,,,,,,,,,,,Есть,,,,
"Ultra HD (4K) LED телевизор 75"" Grundig 75 GHU 7830",119 999 р.,0,0,Турция,1 год,,107 Вт,"75"" (190.5 см) ",LED ,3840x2160 Пикс (4K Ultra HD) ,Есть ,Есть ,Есть ,Голосом ,Есть,Есть ,Есть,,Есть,Есть,Есть,200x100 ,Есть,Есть,,Есть,"DVB-C, DVB-S2, DVB-T2 ",Dolby Digital,,,,,,3 ,2.1,,,,,Есть,Есть ,2,Есть ,Есть,Есть ,,,,,Есть ,,,,,,,,,,11,60 Гц ,UHD 4K 1000,Есть,"PAL, SECAM",2х15 Вт,,,16:9,,,,,,,,,,,2 ,,,,,,,,,,,,,,,,,,,,,,,,,,,,,,,,,,,,,,,,,,
"Ultra HD (4K) LED телевизор 75"" Grundig 75 GHU 7930",129 999 р.,0,0,Турция,1 год,,107 Вт,"75"" (190.5 см) ",LED ,3840x2160 Пикс (4K Ultra HD) ,Есть ,Есть ,Есть ,Голосом ,Есть,Есть ,Есть,,Есть,Есть,Есть,200x100 ,Есть,Есть,,Есть,"DVB-C, DVB-S2, DVB-T2 ",Dolby Digital,,,,,,3 ,2.1,,,,,Есть,Есть ,2,Есть ,Есть,Есть ,,,,,,,,,,,,,,,11,60 Гц ,UHD 4K 1000,Есть,"PAL, SECAM",2х15 Вт,,,16:9,,,,,,,,,,,2 ,,,,,,,,,,,,,,,,,,,,,,,,,,,,,,,,,,,,,,Есть,,,,
"Ultra HD (4K) QLED телевизор 75"" Hisense 75U8HQ Smart Black",225 190 р.,0,0,Китай,1 год,VIDAA,,"75"" (190.5 см) ",QLED ,3840x2160 Пикс (4K Ultra HD) ,Есть ,,Есть ,,,,Есть,,,,,600x400 ,,Есть,,Есть,"DVB-C, DVB-S, DVB-T, DVB-S2, DVB-T2 ","Dolby Atmos, DTS Virtual X",,,,,,4 ,,,,,,Есть,Есть ,2,Есть ,,Есть ,,,1,,Есть ,103.9 см,167.4 см,34.4 см,,,,,,,6.0,120 Гц ,,Есть,"PAL, SECAM",,,38.5 кг,16:9,,,,Direct LED,178 °,,,,,,,2.0,,1200:1,,"MP3, AVI, MKV",,,,,,,,,,,,,,,,,,,,,,,,,,,,,,,,,,,,,
"Ultra HD (4K) LED телевизор 55"" Xiaomi Mi TV A2, Smart TV",46 490 р.,0,0,Китай,1 год,Android TV,140 Вт,"55"" (139.7 см) ",LED ,3840x2160 Пикс (4K Ultra HD) ,Есть ,Есть ,Есть ,Голосом ,Есть,,Есть,,,,,,Есть,,Есть,,"DVB-C, DVB-S2, DVB-T2 ",Dolby Audio,,Есть,Есть,,,3 ,2.0,,,,,Есть,Есть ,2,,,,,,,,,,,,,,,,,,10,60 Гц ,UHD 4K,Есть,,2х12 Вт,"Dolby Audio, DTS-HD",,16:9,Quad A55,,VA,Direct LED,178 °,178 ° ,,,,4,2 ,,,,,,,,,,,,,,16 ГБ,,,2 ГБ,,,,,,,,,,,,,,,,,,,,,,,,,
"LED телевизор 32"" BQ 32S05B Black",11 790 р.,0,0,Россия,1 год,Android TV,65 Вт,"32"" (81.3 см) ",LED ,1366x768 Пикс (HD-Ready) ,,Есть ,Есть ,,Есть,,,,Есть,,,200x100 ,,,,Есть,"DVB-C, DVB-T, DVB-S2, DVB-T2 ",Стерео,,Есть,Есть,Есть,,3 ,1.4,,Есть,,,Есть,Есть ,2,Есть ,,Есть ,,,,,,,,,,,,,,,9.0,60 Гц ,,,"PAL, SECAM",2 х 7 Вт,,,16:9,,,,Direct LED,178 °,178 ° ,,,,,2 ,2.0,200 кд/м² ,3000:1,8 мс,,,,,,,,,,,,,,,,,,,,,,,,Есть,,,,,,,,,,,,,,
"Ultra HD (4K) OLED телевизор 65"" Hisense 65A85H Smart Black",175 190 р.,0,0,Китай,1 год,,,"65"" (165.1 см) ",OLED ,3840x2160 Пикс (4K Ultra HD) ,Есть ,,Есть ,,,,,Есть ,,,Есть,,,,,Есть,"DVB-C, DVB-S, DVB-T, DVB-S2, DVB-T2 ",NICAM Стерео,,Есть,Есть,,,4 ,,,,,,,Есть ,2,Есть ,Есть,Есть ,,,,,,,,,,,,,,"Серый, Черный ",,120 Гц ,,Есть,,6х10 Вт,,29 кг,16:9,Quad Core/MT9900,,,,178 °,178 ° ,,,,,2 ,,,150000:1,,,Есть,,,,Есть,,,,,,,,,,,,,,,,,,,,,Приложение Anyview Cast. Приложение Anyview Stream. Приложение Smartphone,,,,,,,,Есть,,,
"Ultra HD (4K) LED телевизор 55"" Philips 55PUS8057/60 Silver",42 190 р.,0,0,Россия,1 год,Android TV,90 Вт,"55"" (139.7 см) ",LED ,3840x2160 Пикс (4K Ultra HD) ,Есть ,Есть ,Есть ,Голосом ,Есть,Есть ,Есть,Есть ,Есть,,,,,,Есть,Есть,"DVB-C, DVB-S, DVB-T, DVB-C2, DVB-S2, DVB-T2 ",Dolby Atmos,,,,,,4 ,2.0,,,Есть,,Есть,Есть ,2,Есть ,Есть,Есть ,,,,,,,,,,,,,,,11,60 Гц ,UHD 4K,Есть,"PAL, SECAM",2х10 Вт,,,16:9,,,,Direct LED,,,,Есть,,,2 ,2.0,,,,,,,,,,,,,,,,,,,,,,,,,,,,,,,,,,,,,,,,,
"Ultra HD (4K) LED телевизор 65"" National NX-65TUS120",50 190 р.,0,0,Россия,1 год,Салют ТВ,60 Вт,"65"" (165.1 см) ",LED ,3840x2160 Пикс (4K Ultra HD) ,,Есть ,Есть ,,Есть,,,,,,,300x200 ,,Есть,,,"DVB-C, DVB-S, DVB-T, DVB-S2, DVB-T2 ",,,,Есть,,,3 ,2.0,,,,,Есть,Есть ,2,Есть ,Есть,Есть ,,,1,,Есть ,89.43 см,,,,,,,,,,60 Гц ,UHD 4K,,,2 x 8 Вт,,,16:9,A53*4 64bit,,,,176 °,176 ° ,,,,,2 ,,380 кд/м² ,,6.5 мс,,,,,,,,,,8 ГБ,,160000:1,1.5 ГБ,,,,,,,,,,,,,,,,,,,,,,,,,
"Ultra HD (4K) ULED телевизор 65"" Hisense 65U7HQ Smart Black",90 190 р.,0,0,Китай,1 год,VIDAA,190 Вт,"65"" (165.1 см) ",QLED ,3840x2160 Пикс (4K Ultra HD) ,Есть ,Есть ,Есть ,,Есть,,Есть,Есть ,,,,,,,,Есть,"DVB-C, DVB-S, DVB-T, DVB-S2, DVB-T2 ",NICAM Стерео,,Есть,Есть,,,4 ,,,,,,,Есть ,2,Есть ,Есть,Есть ,1,,,,Есть ,89.1 см,145.1 см,30.7 см,,,,,,,,120 Гц ,,,,2 х 10 Вт,,,16:9,Quad Core/MT9900,,,Direct LED,178 °,,,,,,2 ,,,5000:1,,,Есть,,,,Есть,,,,,,,,,,,,,,,,,,,,,,,,,,,,,,,,
"Ultra HD (4K) LED телевизор 65"" Econ EX-65US001B",38 490 р.,0,0,Россия,1 год,Android TV,,"65"" (165.1 см) ",LED ,3840x2160 Пикс (4K Ultra HD) ,,Есть ,Есть ,Голосом ,,,,,,,Есть,300x200 ,,,,Есть,"DVB-C, DVB-T2 ",,,,Есть,,,3 ,,,,,,Есть,Есть ,2,Есть ,Есть,Есть ,,,1,,Есть ,89.8 см,,,,,,,,,,60 Гц ,,,,2 х 10 Вт,,,16:9,,,,,178 °,178 ° ,,,,,2 ,2.0,250 кд/м² ,,8 мс,"MKV, MPEG4",,,,,,,,,8 ГБ,,160000:1,1.5 ГБ,,,,,,,,,,,,,,,,,,,,,,,,,
"Ultra HD (4K) LED телевизор 43"" Samsung UE43AU7100",41 290 р.,0,0,Россия,1 год,Tizen,130 Вт,"43"" (109.2 см) ",LED ,3840x2160 Пикс (4K Ultra HD) ,Есть ,Есть ,Есть ,Голосом ,Есть,,Есть,,Есть,Есть,Есть,200x200 ,Есть,,Есть,Есть,"DVB-C, DVB-S, DVB-T, DVB-S2, DVB-T2 ",,,,,,,3 ,1.4,,,Есть,Есть,Есть,Есть ,1,Есть ,Есть,Есть ,,,,,,,,,,,,,,,,60 Гц ,UHD 4K,Есть,"PAL, SECAM",2 х 10 Вт,,,16:9,,,,Edge LED,,,,,,,2 ,2.0,,,,,,,,,,,,,,,,,,,,,,,,,,,,,,,,,,,,,,,,,
"Ultra HD (4K) LED телевизор 43"" LG 43UQ76003",37 790 р.,0,0,Россия,1 год,WebOS,71 Вт,"43"" (109.2 см) ",LED ,3840x2160 Пикс (4K Ultra HD) ,Есть ,Есть ,Есть ,Голосом ,Есть,,Есть,Есть ,Есть,Есть,,,Есть,,Есть,Есть,"DVB-C, DVB-S, DVB-T, DVB-S2, DVB-T2 ",AI Sound,,,,,,2 ,1.4,,,Есть,Есть,Есть,Есть ,,,,,,,,,,,,,,,,,,,6.0,60 Гц ,UHD 4K,Есть,,2 х 10 Вт,,,16:9,,,,Direct LED,,,,Есть,Есть,4,2 ,2.0,,,,,,,,,Есть,,,,,,,,,,,,,,,,,,,,,,,,,,,,,,,,
"Ultra HD (4K) LED телевизор 50"" LG 50UQ80006",50 390 р.,0,0,Россия,1 год,WebOS,99 Вт,"50"" (127 см) ",LED ,3840x2160 Пикс (4K Ultra HD) ,Есть ,Есть ,Есть ,Голосом ,Есть,,Есть,Есть ,Есть,Есть,,,Есть,,Есть,Есть,"DVB-C, DVB-S, DVB-T, DVB-S2, DVB-T2 ",,,,,,,3 ,2.0,,,,,Есть,Есть ,2,Есть ,Есть,Есть ,,,,,,,,,,,,,,,6.0,60 Гц ,UHD 4K,Есть,,2 х 10 Вт,,,16:9,,,,Direct LED,178 °,178 ° ,,,Есть,,2 ,2.0,,,,,,,,,Есть,,,,,,,,,,,,,,,,,,,,,,,,,,,,,,,,
"Ultra HD (4K) LED телевизор 50"" LG NanoCell 50NANO826QB",68 590 р.,0,0,Россия,1 год,WebOS,99 Вт,"50"" (127 см) ",NanoCell ,3840x2160 Пикс (4K Ultra HD) ,Есть ,Есть ,Есть ,Голосом ,Есть,,Есть,Есть ,Есть,Есть,,,Есть,,Есть,Есть,"DVB-C, DVB-S, DVB-T, DVB-S2, DVB-T2 ",AI Sound Pro,,,,,,4 ,2.0,,,Есть,,Есть,Есть ,2,Есть ,Есть,Есть ,,,,,,,,,,,,,,,6.0,60 Гц ,4K NanoCell,Есть,"PAL, SECAM",2 x 10 Вт,,,16:9,,,,Direct LED,,,,,,,2 ,2.0,,,,,,,,,Есть,,,,,,,,,,,,,,,,,,,,,,,,,,,,,,,,
"Ultra HD (4K) LED телевизор 50"" LG NanoCell 50NANO766QA",61 590 р.,0,0,Россия,1 год,WebOS,97 Вт,"50"" (127 см) ",NanoCell ,3840x2160 Пикс (4K Ultra HD) ,Есть ,Есть ,Есть ,Голосом ,Есть,,Есть,,Есть,Есть,Есть,,Есть,,Есть,Есть,"DVB-C, DVB-S, DVB-T, DVB-S2, DVB-T2 ",AI Sound Pro,,,,,,3 ,2.0,,,,,Есть,Есть ,2,Есть ,Есть,Есть ,,,,,,,,,,,,,,,6.0,60 Гц ,4K NanoCell,Есть,,2 х 10 Вт,,,16:9,,,,Direct LED,,,,,,4,2 ,2.0,,,,,,,,,,,,,,,,,,,,,,,,,,,,,,,,,,,,,,,,,
"Ultra HD (4K) LED телевизор 50"" LG 50UQ76003",44 190 р.,0,0,Россия,1 год,WebOS,100 Вт,"50"" (127 см) ",LED ,3840x2160 Пикс (4K Ultra HD) ,Есть ,Есть ,Есть ,Голосом ,Есть,,Есть,Есть ,Есть,Есть,,,Есть,,Есть,Есть,"DVB-C, DVB-S, DVB-T, DVB-S2, DVB-T2 ",AI Sound,,Есть,,,,2 ,2.0,,,Есть,,Есть,Есть ,1,Есть ,,,,,,,,,,,,,,,,,,60 Гц ,UHD 4K,Есть,,2 х 10 Вт,,,16:9,,,,Direct LED,,,,,Есть,4,2 ,2.0,,,,,,,,,Есть,,,,,,,,,,,,,,,,,,,,,,,,,,,,,,,,
"Ultra HD (4K) LED телевизор 50"" Samsung UE50AU7100",48 990 р.,0,0,Россия,1 год,Tizen,145 Вт,"50"" (127 см) ",LED ,3840x2160 Пикс (4K Ultra HD) ,Есть ,Есть ,Есть ,Голосом ,Есть,,Есть,Есть ,Есть,Есть,Есть,,Есть,,Есть,Есть,"DVB-C, DVB-S, DVB-T, DVB-S2, DVB-T2 ",Dolby Digital Plus,,,,,,3 ,2.0,,,,,Есть,Есть ,1,Есть ,Есть,Есть ,,,,,,,,,,,,,,,,60 Гц ,UHD 4K,Есть,"PAL, SECAM",2 х 10 Вт,,,16:9,,,VA,,,,,Есть,Есть,,2 ,2.0,,,,,,,,,,,,,,,,,,,,,,,,,,,,,,,,,,,,,,,,,
"Ultra HD (4K) QNED телевизор 50"" LG 50QNED816QA",88 590 р.,0,0,Россия,1 год,WebOS,109 Вт,"50"" (127 см) ",NanoCell ,3840x2160 Пикс (4K Ultra HD) ,Есть ,Есть ,Есть ,Голосом ,Есть,,Есть,Есть ,Есть,Есть,,,Есть,,Есть,Есть,"DVB-C, DVB-S, DVB-T, DVB-S2, DVB-T2 ",AI Sound Pro,,,,,,4 ,2.0,,,,,Есть,Есть ,2,Есть ,,,,,,,,,,,,,,,,,6.0,120 Гц ,4K NanoCell,Есть,"PAL, SECAM",2 х 10 Вт,,,16:9,,,,Edge LED,,,,,Есть,4,2 ,2.0,,,,,,,,,Есть,,,,,,,,,,,,,,,,,,,,,,,,,,,,,,,,
"Ultra HD (4K) QNED телевизор 55"" LG 55QNED816QA",83 990 р.,0,0,Россия,1 год,WebOS,120 Вт,"55"" (139.7 см) ",QNED ,3840x2160 Пикс (4K Ultra HD) ,Есть ,Есть ,Есть ,Голосом ,Есть,,Есть,Есть ,Есть,Есть,,,Есть,,Есть,Есть,"DVB-C, DVB-S, DVB-T, DVB-S2, DVB-T2 ",AI Sound Pro,,Есть,,,,4 ,2.1,,,Есть,,Есть,Есть ,,,,,,,,,,,,,,,,,,,6.0,120 Гц ,4K NanoCell,Есть,"PAL, SECAM",2 х 10 Вт,,,16:9,,,,Edge LED,178 °,178 ° ,,,Есть,,2 ,2.0,,,,,,,,,Есть,,,,,,,,,,,,,,,,,,,,,,,,,,,,,,,,
"Ultra HD (4K) LED телевизор 55"" LG 55UQ80006",52 490 р.,0,0,Россия,1 год,WebOS,120 Вт,"55"" (139.7 см) ",LED ,3840x2160 Пикс (4K Ultra HD) ,Есть ,Есть ,Есть ,Голосом ,Есть,,Есть,Есть ,Есть,Есть,,,Есть,,Есть,Есть,"DVB-C, DVB-S, DVB-T, DVB-S2, DVB-T2 ",AI Sound,,Есть,,,,2 ,2.0,,,,,Есть,Есть ,1,,,,,,,,,,,,,,,,,,6.0,60 Гц ,UHD 4K,Есть,"PAL, SECAM",2 х 10 Вт,,,16:9,,,,Direct LED,,,,,Есть,4,2 ,2.0,,,,,,,,,Есть,,,,,,,,,,,,,,,,,,,,,,,,,,,,,,,,
"Ultra HD (4K) LED телевизор 55"" Samsung UE55BU8500",76 990 р.,0,0,Россия,1 год,Tizen,130 Вт,"55"" (139.7 см) ",LED ,3840x2160 Пикс (4K Ultra HD) ,Есть ,Есть ,Есть ,Голосом ,Есть,,Есть,Есть ,Есть,Есть,,,Есть,,Есть,Есть,"DVB-C, DVB-S, DVB-T, DVB-S2, DVB-T2 ",,,,,,,3 ,2.0,,,Есть,,Есть,,,,,,,,,,,,,,,,,,,,,60 Гц ,UHD 4K,Есть,"NTSC, PAL, SECAM",2 х 10 Вт,,,16:9,Crystal Processor 4K,,VA,Edge LED,178 °,178 ° ,,Есть,Есть,4,2 ,2.0,,,,,,,,,,,,,,,,,,,,,,,,,,,,,,,,,,,,,,,,,
"Ultra HD (4K) LED телевизор 75"" Samsung UE75BU8500",160 990 р.,0,0,Россия,1 год,Tizen,260 Вт,"75"" (190.5 см) ",LED ,3840x2160 Пикс (4K Ultra HD) ,Есть ,Есть ,Есть ,Голосом ,Есть,,Есть,Есть ,Есть,Есть,,,Есть,,Есть,Есть,"DVB-C, DVB-T, DVB-S2, DVB-T2 ",,,,,,,3 ,2.0,,,Есть,,,Есть ,2,Есть ,Есть,,,,,,,,,,,,,,,,,60 Гц ,UHD 4K,Есть,"PAL, SECAM",2 х 10 Вт,,,16:9,,,VA,Edge LED,178 °,178 ° ,,Есть,Есть,,2 ,2.0,,,,,,,,,,,,,,,,,,,,,,,,,,,,,,,,,,,,,,,,,
"Ultra HD (4K) LED телевизор 55"" Samsung UE55BU8500",76 990 р.,0,0,Россия,1 год,Tizen,130 Вт,"55"" (139.7 см) ",LED ,3840x2160 Пикс (4K Ultra HD) ,Есть ,Есть ,Есть ,Голосом ,Есть,,Есть,Есть ,Есть,Есть,,,Есть,,Есть,Есть,"DVB-C, DVB-S, DVB-T, DVB-S2, DVB-T2 ",,,,,,,3 ,2.0,,,Есть,,Есть,,,,,,,,,,,,,,,,,,,,,60 Гц ,UHD 4K,Есть,"NTSC, PAL, SECAM",2 х 10 Вт,,,16:9,Crystal Processor 4K,,VA,Edge LED,178 °,178 ° ,,Есть,Есть,4,2 ,2.0,,,,,,,,,,,,,,,,,,,,,,,,,,,,,,,,,,,,,,,,,
"Ultra HD (4K) LED телевизор 75"" Samsung UE75BU8500",160 990 р.,0,0,Россия,1 год,Tizen,260 Вт,"75"" (190.5 см) ",LED ,3840x2160 Пикс (4K Ultra HD) ,Есть ,Есть ,Есть ,Голосом ,Есть,,Есть,Есть ,Есть,Есть,,,Есть,,Есть,Есть,"DVB-C, DVB-T, DVB-S2, DVB-T2 ",,,,,,,3 ,2.0,,,Есть,,,Есть ,2,Есть ,Есть,,,,,,,,,,,,,,,,,60 Гц ,UHD 4K,Есть,"PAL, SECAM",2 х 10 Вт,,,16:9,,,VA,Edge LED,178 °,178 ° ,,Есть,Есть,,2 ,2.0,,,,,,,,,,,,,,,,,,,,,,,,,,,,,,,,,,,,,,,,,
"Ultra HD (4K) LED телевизор 75"" LG 75UQ80006",124 590 р.,0,0,Россия,1 год,WebOS,184 Вт,"75"" (190.5 см) ",LED ,3840x2160 Пикс (4K Ultra HD) ,Есть ,Есть ,Есть ,Голосом ,Есть,,Есть,Есть ,Есть,Есть,,,Есть,,,Есть,"DVB-C, DVB-S, DVB-T, DVB-S2, DVB-T2 ",AI Sound,,Есть,,,,2 ,2.0,,,Есть,,Есть,Есть ,1,,,,,,,,,,,,,,,,,,6.0,60 Гц ,UHD 4K,Есть,"PAL, SECAM",2 х 10 Вт,,,16:9,,,,Direct LED,,,,,Есть,4,2 ,2.0,,,,,,,,,Есть,,,,,,,,,,,,,,,,,,,,,,,,,,,,,,,,
"Ultra HD (4K) LED телевизор 50"" BQ 50SU03B Black",23 190 р.,5,1,Россия,1 год,Android TV,,"50"" (127 см) ",LED ,3840x2160 Пикс (4K Ultra HD) ,,Есть ,Есть ,,,,,,,,,,,Есть,,,,,,Есть,Есть,,,3 ,,,Есть,,,Есть,Есть ,2,,Есть,Есть ,,,,,Есть ,,,,65 см,112.7 см,9.3 см,,,Черный ,0.9,60 Гц ,,,,2 x 8 Вт,,7 кг,16:9,,,,Direct LED,170 °,170 ° ,,,,,2 ,,,4000:1,,,,,,Есть,,,,,,,,,,,,,,,,,,,,,,,,,,,,,,,,,
"LED телевизор 42"" Blackton Bt 42S04B Black",14 990 р.,0,0,Беларусь,1 год,Салют ТВ,,"42"" (106.7 см) ",LED ,1920x1080 Пикс (Full HD) ,,Есть ,Есть ,Голосом ,,,,,,,,,,Есть,,,"DVB-C, DVB-T, DVB-T2 ",,,Есть,,,,3 ,,,Есть,,,Есть,Есть ,2,,Есть,Есть ,,,,,Есть ,58.8 см,95.6 см,18 см,54.2 см,95.6 см,7.8 см,,,Черный ,,,,,,2 x 8 Вт,,6.14 кг,16:9,,,,,,,,,,,2 ,,220 кд/м² ,3000:1,,,,,,Есть,,,,,,,,,,,,,,,,,,,,,,,,,,,,,,,,,
"LED телевизор 43"" SKYWORTH 43STE6600",18 190 р.,0,0,Беларусь,1 год,,,"43"" (109.2 см) ",LED ,1920x1080 Пикс (Full HD) ,,Есть ,Есть ,Голосом ,,,,Есть ,Есть,,,200x200 ,,,,,"DVB-C, DVB-S, DVB-T, DVB-C2, DVB-S2, DVB-T2 ",Dolby Digital; Dolby Digital Plus,,,,,,2 ,,,,Есть,,,Есть ,2,Есть ,Есть,Есть ,,,1,,Есть ,60.6 см,95.45 см,19.92 см,,,,,,Черный ,,60 Гц ,,,,2 x 8 Вт,,5.5 кг,16:9,,,,Direct LED,,,,,,,2 ,,,,,,,,,,,,,,8 ГБ,,,1.5 ГБ,,,,,,,,,,,,,,Google Assistant,,,,,,,,,,,
"LED телевизор 32"" Blackton Bt 3210B Black",8 400 р.,5,1,Россия,1 год,Android TV,55 Вт,"32"" (81.3 см) ",LED ,1366x768 Пикс (HD-Ready) ,,Есть ,,Голосом ,,,,,,,,200x100 ,,Есть,,,DVB-C ,,,,,,,2 ,,,Есть,,,,Есть ,1,,,,,,,,Есть ,46.5 см,71.6 см,19 см,42.2 см,72 см,6.6 см,,,Черный ,,60 Гц ,,,,2 х 7 Вт,,3.52 кг,16:9,,,,Direct LED,178 °,178 ° ,,,,,2 ,,200 кд/м² ,3000:1,,,,,,Есть,,,,,,,,,,,,,,,,,,,,,,,,,,,,,,,,,
"Ultra HD (4K) OLED телевизор 55"" Hisense 55A85H Smart",150 190 р.,0,0,Китай,1 год,VIDAA,350 Вт,"55"" (139.7 см) ",OLED ,3840x2160 Пикс (4K Ultra HD) ,Есть ,Есть ,Есть ,Голосом ,,,Есть,Есть ,Есть,,Есть,,Есть,,,Есть,"DVB-C, DVB-S, DVB-T, DVB-S2, DVB-T2 ",NICAM Стерео,,Есть,,,,4 ,"2.0, 2.1",,,,,,Есть ,2,Есть ,Есть,Есть ,,,,,,,,,,,,,,,U6.0,120 Гц ,UHD 4K,Есть,"PAL, SECAM",6х10 Вт,,,16:9,Quad Core/MT9900,,,,178 °,178 ° ,,,,4,,,,150000:1,,,,,,,Есть,,,,,,,,,,,,,,,,,,,,,,,,,,,,,,,,
"Ultra HD (4K) LED телевизор 55"" Accesstyle UHD 55 U55EY1000B",30 990 р.,0,0,Китай,1 год,Android TV,,"55"" (139.7 см) ",LED ,3840x2160 Пикс (4K Ultra HD) ,Есть ,Есть ,Есть ,Голосом ,,,,,,,,200x100 ,Есть,Есть,,,"DVB-C, DVB-T, DVB-T2 ",,,,,,,3 ,,,,,,,Есть ,2,,Есть,Есть ,,,,,Есть ,81.2 см,124.5 см,,,,,,,,,60 Гц ,UHD 4K,Есть,,2 х 10 Вт,,,16:9,,,MVA,Direct LED,178 °,178 ° ,,,,4,2 ,2.0,270 кд/м² ,1200:1,,,,,,Есть,,,,,,,,,,,,,,,,,,,,,,,,,,,,,,,,,
"Ultra HD (4K) LED телевизор 55"" BQ 55FSU34B Black",30 990 р.,0,0,Россия,1 год,Android TV,160 Вт,"55"" (139.7 см) ",LED ,3840x2160 Пикс (4K Ultra HD) ,Есть ,Есть ,Есть ,,Есть,,,Есть ,,,,300x200 ,Есть,Есть,,,"DVB-C, DVB-T, DVB-T2 ",,,Есть,,,,3 ,,,Есть,,,Есть,Есть ,2,Есть ,Есть,Есть ,,,,,,,,,,,,,,,11,60 Гц ,UHD 4K,Есть,"PAL, SECAM",2 x 8 Вт,,,16:9,,,,Direct LED,178 °,178 ° ,,,,,2 ,,300 кд/м² ,5000:1,8.5 мс,,,,,,,,,,,,,,,,,,,,,,,,,,,,,,,,,,,,,,
"Ultra HD (4K) LED телевизор 50"" National NX-50TUS120",22 790 р.,0,0,Россия,1 год,Салют ТВ,60 Вт,"50"" (127 см) ",LED ,3840x2160 Пикс (4K Ultra HD) ,,Есть ,Есть ,Голосом ,Есть,Есть ,Есть,,,,,200x200 ,Есть,,Есть,,"DVB-C, DVB-T, DVB-T2 ",,,,,,,3 ,2.0,,,,,,Есть ,2,Есть ,Есть,Есть ,,,1,,,,,,,,,,,,,60 Гц ,UHD 4K,Есть,,2 x 8 Вт,,,16:9,A53*4 64bit,,,,176 °,176 ° ,,,,,2 ,,350 кд/м² ,,9.5 мс,,,,,,,,,,8 ГБ,,160000:1,1.5 ГБ,,,,,,,,,,,,,,,,,,,,,,,,,
"Ultra HD (4K) LED телевизор 50"" LG 50UQ80006LB.ARUB Smart",38 990 р.,0,0,Польша,1 год,WebOS,,"50"" (127 см) ",LED ,3840x2160 Пикс (4K Ultra HD) ,Есть ,,Есть ,Голосом ,,,Есть,Есть ,,,Есть,200x200 ,Есть,Есть,,,"DVB-C, DVB-S, DVB-T, DVB-S2, DVB-T2 ",AI Sound,,,,,,2 ,,,,Есть,,Есть,Есть ,1,Есть ,Есть,Есть ,,,,,Есть ,,,,,,,,,,6.0,60 Гц ,UHD 4K,Есть,"PAL, SECAM",2 х 10 Вт,,,16:9,,,,Direct LED,,,,,Есть,,2 ,2.0,,,,,,,,,Есть,,,,,,,,,,,,Есть,,,,,,,,,,,,,,,,,,,,
"Ultra HD (4K) LED телевизор 43"" SKYWORTH 43SUE9350",20 590 р.,0,0,Беларусь,1 год,,,"43"" (109.2 см) ",LED ,3840x2160 Пикс (4K Ultra HD) ,,Есть ,Есть ,Голосом ,,,,,Есть,,,200x200 ,,,,,"DVB-S, DVB-T, DVB-C2, DVB-S2, DVB-T2 ",Dolby Digital; Dolby Digital Plus,,,,,,3 ,2.0,,,,,,Есть ,2,Есть ,Есть,Есть ,,,,,Есть ,,,,56.43 см,95.69 см,8.8 см,,,Черный ,,60 Гц ,UHD 4K,Есть,,2 х 10 Вт,,6 кг,16:9,,,,Direct LED,,,,,,,2 ,,,,,,,,,,,,,,16 ГБ,,,2 ГБ,,,,,,,,,,,,,,Google Assistant,,,,,,,,,,,
"Ultra HD (4K) LED телевизор 65"" Haier 65 Smart TV S1",48 990 р.,0,0,Китай,1 год,Android TV,170 Вт,"65"" (165.1 см) ",LED ,3840x2160 Пикс (4K Ultra HD) ,Есть ,Есть ,Есть ,Голосом ,Есть,Есть ,Есть,,Есть,Есть,,,,,Есть,Есть,"DVB-C, DVB-T, DVB-S2, DVB-T2 ",NICAM стерео,,Есть,,,Есть,4 ,2.1,,,,,,,,,,,,,,,,,,,,,,,,,11,60 Гц ,4K UHD,Есть,"PAL, SECAM",2 х 10 Вт,,,16:9,,,,Direct LED,178 °,178 ° ,,,,,2 ,,300 кд/м² ,,6.5 мс,,Есть,,,,Есть,,Есть,,,,,,,Есть,,,,,,,,,,,,,,,,,,,,,,,
"Ultra HD (4K) OLED телевизор 55"" Philips 55OLED857/12",144 999 р.,5,1,Польша,1 год,Android TV,,"55"" (139.7 см) ",OLED ,3840x2160 Пикс (4K Ultra HD) ,Есть ,Есть ,Есть ,Голосом ,Есть,Есть ,Есть,Есть ,Есть,Есть,Есть,,Есть,,Есть,Есть,"DVB-C, DVB-S, DVB-T, DVB-C2, DVB-S2, DVB-T2 ","Dolby Atmos/Dolby Digital MS12, версия 2.5",70 Вт,,,,,4 ,"2.0, 2.1",,,Есть,,Есть,Есть ,3,Есть ,Есть,Есть ,,,,,,,,,,,,,,,11,120 Гц ,,Есть,"PAL, SECAM",4х10 Вт,,,,,,,,,,,Есть,,,,2.1,,,,"MP3, MPEG4",,,,,,,,,,,,,,,,,,,,,,,,,,,,,,,,,,,,,
"Ultra HD (4K) QLED телевизор 55"" Samsung QE55Q80BAUXCE",144 990 р.,0,0,Россия,1 год,Tizen,255 Вт,"55"" (139.7 см) ",QLED ,3840x2160 Пикс (4K Ultra HD) ,Есть ,Есть ,Есть ,Голосом ,Есть,Есть ,Есть,Есть ,,,Есть,,Есть,,Есть,Есть,"DVB-C, DVB-T, DVB-C2, DVB-S2, DVB-T2 ",,60 Вт,Есть,,,,4 ,,,,Есть,,,Есть ,2,Есть ,Есть,Есть ,,,,,,,,,,,,,,,6.5,120 Гц ,"HDR10+, HLG 3800",Есть,,,Dolby Digital Plus,,16:9,,,,Direct LED,,,,Есть,Есть,,2 ,2.2,,,,,,,,,,,,,,,,,,,,,,,,,,,,,,,,,,,,,,,,,
"Ultra HD (4K) LED телевизор 55"" Maunfeld MLT55USD02G",45 490 р.,5,2,Беларусь,1 год,Android TV,112 Вт,"55"" (139.7 см) ",LED ,3840x2160 Пикс (4K Ultra HD) ,Есть ,Есть ,Есть ,Голосом ,Есть,,Есть,Есть ,,Есть,,,Есть,,,Есть,"DVB-C, DVB-S, DVB-T, DVB-S2, DVB-T2 ",Dolby Digital,,Есть,Есть,Есть,Есть,3 ,2.0,,,,Есть,,,,,,,,,,,,,,,,,,,,,Android 11,60 Гц ,,,"PAL, SECAM",2х10 Вт,,,16:9,,,VA,Direct LED,170 °,170 ° ,,,,,2 ,2.0,280 кд/м² ,5000:1,6.5 мс,,Есть,,,,,,,,,,,,,,,,,,,,,Есть,,,,,,,,,,,,,,,
"Ultra HD (4K) LED телевизор 43"" Maunfeld MLT43USD02G",25 990 р.,5,2,Беларусь,1 год,Android TV,70 Вт,"43"" (109.2 см) ",LED ,3840x2160 Пикс (4K Ultra HD) ,,Есть ,Есть ,Голосом ,Есть,,Есть,Есть ,Есть,Есть,,,,,,Есть,"DVB-C, DVB-S, DVB-T, DVB-C2, DVB-S2, DVB-T2 ",,,Есть,Есть,,,3 ,,,,Есть,Есть,Есть,Есть ,2,,,,,,,,,,,,,,,,,,Android 11,60 Гц ,,Есть,,2х10 Вт,,,16:9,,,IPS,Direct LED,170 °,170 ° ,,,,,2 ,,200 кд/м² ,5000:1,9.5 мс,,Есть,,,,,,,,,,,,,,,,,,"SD, SDHC, SDXC",,,,,,,,,,,Есть,,,,,,,
"LED телевизор 24"" BBK 24LEM-1087/T2C",8 610 р.,0,0,Россия,1 год,,24 Вт,"23.6"" (59.9 см) ",LED ,1366x768 Пикс (HD-Ready) ,,Есть ,,,,,Есть,,Есть,Есть,Есть,75x75 ,,Есть,,Есть,"DVB-C, DVB-T, DVB-T2 ",,,,,,,1 ,1.4a,,,Есть,,Есть,Есть ,1,,,,,,,,Есть ,37.7 см,55.3 см,20.8 см,33.5 см,,,,,,,60 Гц ,,,,2х5 Вт,,,16:9,,,,Direct LED,176 °,176 ° ,,,,,2 ,,210 кд/м² ,1000:1,8.5 мс,"MP3, AVI, DivX, MKV, MPEG4",,,,,,,,,,,,,,,,,,Есть,,,,,,,,,,,,,,,,,,,
"LED телевизор 32"" BBK 32LEX-4221/TSP2C",12 990 р.,0,0,Россия,1 год,"Яндекс.ТВ, Android TV",40 Вт,"31.5"" (80 см) ",LED ,1366x768 Пикс (HD-Ready) ,,Есть ,Есть ,Голосом ,,,Есть,,,,Есть,100x100 ,,Есть,,Есть,"DVB-C, DVB-S, DVB-T, DVB-S2, DVB-T2 ",,,,,Есть,,2 ,1.4,,Есть,,,Есть,Есть ,2,Есть ,Есть,Есть ,,,,,Есть ,47.6 см,72.3 см,18.9 см,,,,,,,,60 Гц ,,,,10 Вт,,,16:9,,,,Direct LED,178 °,178 ° ,,,,,,,250 кд/м² ,1400:1,7 мс,,,,,,,,,,,,,,,,,,,,,,,,,,,,,,,,,,,,,,
"LED телевизор 32"" BBK 32LEX-7287/TS2C",12 990 р.,0,0,Россия,1 год,"Яндекс.ТВ, Android TV",40 Вт,"31.5"" (80 см) ",LED ,1366x768 Пикс (HD-Ready) ,,Есть ,Есть ,Голосом ,,,Есть,,,Есть,Есть,100x100 ,,,,,"DVB-C, DVB-S, DVB-T, DVB-S2, DVB-T2 ",,,,,Есть,,2 ,1.4a,,Есть,,,Есть,Есть ,2,Есть ,Есть,Есть ,,,,,,,,,,,,,,,Android 9.0,60 Гц ,,,SECAM,2х10 Вт,,,16:9,,,,Direct LED,178 °,178 ° ,,,,,2 ,,220 кд/м² ,1400:1,7 мс,"MP3, AVI, MKV",,,,,,,,,8 ГБ,,,1 ГБ,,,,,,,,,,,,,,,,,,,,,,,,,
"Ultra HD (4K) LED телевизор 50"" BBK 50LEX-8287/UTS2C",31 190 р.,0,0,Россия,1 год,"Яндекс.ТВ, Android TV",93 Вт,"50"" (127 см) ",LED ,3840x2160 Пикс (4K Ultra HD) ,Есть ,Есть ,Есть ,Голосом ,,,Есть,,,Есть,Есть,200x200 ,,,,,"DVB-C, DVB-T, DVB-S2, DVB-T2 ",,,,,,,3 ,2.1,,Есть,Есть,,Есть,Есть ,2,Есть ,Есть,Есть ,,,,,,,,,,,,,,,,60 Гц ,,,SECAM,2х10 Вт,,,16:9,,,,Direct LED,178 °,178 ° ,,,,,2 ,,300 кд/м² ,4000:1,8 мс,"MP3, AVI, MKV",,,,,,,,,8 ГБ,,,1.5 ГБ,,,,,,,,,,,,,,,,,,,,,,,,,
"Ultra HD (4K) LED телевизор 55"" Maibenben 55M2UB",35 890 р.,0,0,Китай,1 год,Android TV,150 Вт,"55"" (139.7 см) ",LED ,3840x2160 Пикс (4K Ultra HD) ,Есть ,Есть ,Есть ,,,,,,,Есть,Есть,100x200 ,Есть,Есть,Есть,,"DVB-C, DVB-T, DVB-S2, DVB-T2 ",Dolby Digital,,,,,,3 ,2.0,,,,,,Есть ,2,Есть ,Есть,Есть ,,,,,Есть ,81.2 см,124.5 см,25.4 см,76.6 см,,,,,,Android 11,60 Гц ,,,,2х8 Вт,,,16:9,,,,Direct LED,178 °,,,,,,2 ,2.0,,1000:1,,,,,,Есть,,,,,,,,,,,,,,,,,,,,,,,,,,,,,,,,,
"Ultra HD (4K) QLED телевизор 65"" Maunfeld MQT65USD03",59 990 р.,5,2,Беларусь,1 год,Android TV,150 Вт,"65"" (165.1 см) ",QLED ,3840x2160 Пикс (4K Ultra HD) ,Есть ,Есть ,Есть ,Голосом ,Есть,,Есть,Есть ,Есть,Есть,,,Есть,,Есть,Есть,"DVB-C, DVB-S, DVB-T, DVB-S2, DVB-T2 ",Dolby Digital,,Есть,Есть,,Есть,2 ,2.0,,,Есть,Есть,,,,,,,,,,,,,,,,,,,,,,60 Гц ,,,,2х8 Вт,,,16:9,,,IPS,Direct LED,170 °,170 ° ,,,,,2 ,,400 кд/м² ,5000:1,6.5 мс,,Есть,,,,,,,,,,,,,,,,,,,,,Есть,,,,,,,,,,,,,1000-5000,,
"Ultra HD (4K) QLED телевизор 50"" Maunfeld MQT50USD03",49 990 р.,5,2,Беларусь,1 год,Android TV,91 Вт,"50"" (127 см) ",QLED ,3840x2160 Пикс (4K Ultra HD) ,Есть ,Есть ,Есть ,Голосом ,Есть,,Есть,Есть ,Есть,Есть,,,Есть,,Есть,Есть,"DVB-C, DVB-S, DVB-T, DVB-S2, DVB-T2 ",Dolby Digital,,Есть,Есть,,Есть,2 ,2.0,,,Есть,Есть,,,,,,,,,,,,,,,,,,,,,,60 Гц ,,,,2х8 Вт,,,16:9,,,IPS,Direct LED,170 °,170 ° ,,,,,2 ,,350 кд/м² ,5000:1,9.5 мс,,Есть,,,,,,,,,,,,,,,,,,,,,Есть,,,,,,,,,,,,,1000-5000,,
"Ultra HD (4K) LED телевизор 55"" Maibenben 55M2UB",35 890 р.,0,0,Китай,1 год,Android TV,150 Вт,"55"" (139.7 см) ",LED ,3840x2160 Пикс (4K Ultra HD) ,Есть ,Есть ,Есть ,,,,,,,Есть,Есть,100x200 ,Есть,Есть,Есть,,"DVB-C, DVB-T, DVB-S2, DVB-T2 ",Dolby Digital,,,,,,3 ,2.0,,,,,,Есть ,2,Есть ,Есть,Есть ,,,,,Есть ,81.2 см,124.5 см,25.4 см,76.6 см,,,,,,Android 11,60 Гц ,,,,2х8 Вт,,,16:9,,,,Direct LED,178 °,,,,,,2 ,2.0,,1000:1,,,,,,Есть,,,,,,,,,,,,,,,,,,,,,,,,,,,,,,,,,
"Ultra HD (4K) QLED телевизор 65"" Maunfeld MQT65USD03",59 990 р.,5,2,Беларусь,1 год,Android TV,150 Вт,"65"" (165.1 см) ",QLED ,3840x2160 Пикс (4K Ultra HD) ,Есть ,Есть ,Есть ,Голосом ,Есть,,Есть,Есть ,Есть,Есть,,,Есть,,Есть,Есть,"DVB-C, DVB-S, DVB-T, DVB-S2, DVB-T2 ",Dolby Digital,,Есть,Есть,,Есть,2 ,2.0,,,Есть,Есть,,,,,,,,,,,,,,,,,,,,,,60 Гц ,,,,2х8 Вт,,,16:9,,,IPS,Direct LED,170 °,170 ° ,,,,,2 ,,400 кд/м² ,5000:1,6.5 мс,,Есть,,,,,,,,,,,,,,,,,,,,,Есть,,,,,,,,,,,,,1000-5000,,
"Ultra HD (4K) QLED телевизор 50"" Maunfeld MQT50USD03",49 990 р.,5,2,Беларусь,1 год,Android TV,91 Вт,"50"" (127 см) ",QLED ,3840x2160 Пикс (4K Ultra HD) ,Есть ,Есть ,Есть ,Голосом ,Есть,,Есть,Есть ,Есть,Есть,,,Есть,,Есть,Есть,"DVB-C, DVB-S, DVB-T, DVB-S2, DVB-T2 ",Dolby Digital,,Есть,Есть,,Есть,2 ,2.0,,,Есть,Есть,,,,,,,,,,,,,,,,,,,,,,60 Гц ,,,,2х8 Вт,,,16:9,,,IPS,Direct LED,170 °,170 ° ,,,,,2 ,,350 кд/м² ,5000:1,9.5 мс,,Есть,,,,,,,,,,,,,,,,,,,,,Есть,,,,,,,,,,,,,1000-5000,,
"Ultra HD (4K) QLED телевизор 55"" Maunfeld MQT55USD03",42 390 р.,5,2,Беларусь,1 год,Android TV,112 Вт,"55"" (139.7 см) ",QLED ,3840x2160 Пикс (4K Ultra HD) ,Есть ,Есть ,Есть ,Голосом ,Есть,,Есть,Есть ,Есть,Есть,,,Есть,,Есть,Есть,"DVB-C, DVB-S, DVB-T, DVB-S2, DVB-T2 ",Dolby Digital,,Есть,Есть,,Есть,2 ,2.0,,,Есть,Есть,,,,,,,,,,,,,,,,,,,,,,60 Гц ,,,,2х8 Вт,,,16:9,,,IPS,Direct LED,170 °,170 ° ,,,,,2 ,,350 кд/м² ,5000:1,6.5 мс,,Есть,,,,,,,,,,,,,,,,,,,,,Есть,,,,,,,,,,,,,1000-5000,,
"LED телевизор 24"" Telefunken TF-LED24S89T2 Black",8 100 р.,0,0,Беларусь,1 год,,,"23.6"" (59.9 см) ",LED ,1366x768 Пикс (HD-Ready) ,,Есть ,,,Есть,,,Есть ,Есть,Есть,Есть,100x100 ,,,,,"DVB-C, DVB-T, DVB-T2 ",,,Есть,,Есть,,1 ,,,Есть,,,Есть,Есть ,1,,,,,,,,Есть ,37 см,56 см,17 см,33.5 см,56 см,8 см,,,,,50 Гц ,,,"PAL, SECAM",2х5 Вт,,2.4 кг,16:9,,,,,178 °,178 ° ,,,,,2 ,,180 кд/м² ,3000:1,9.5 мс,,,,,,,,,,,,,,,,,,,Есть,,,,,,,Есть,,,,,,,,,,,,
"LED телевизор 32"" Econ EX-32HS020B",10 890 р.,0,0,Россия,1 год,Android TV,60 Вт,"32"" (81.3 см) ",LED ,1366x768 Пикс (HD-Ready) ,,,Есть ,,Есть,,,,,,Есть,200x200 ,,Есть,,Есть,"DVB-C, DVB-T2 ",,,,Есть,,,2 ,1.4,,Есть,,,Есть,Есть ,1,Есть ,,Есть ,,,,,Есть ,48 см,73.3 см,,,,,,,,Android 11,60 Гц ,,,,2х8 Вт,,,16:9,,,,Direct LED,178 °,178 ° ,,,,,2 ,,200 кд/м² ,,8 мс,,,,,,,,,,8 ГБ,,,1 ГБ,,,,,,,,,,,,,,,,,,,,,,,,,
"Ultra HD (4K) LED телевизор 55"" LG NanoCell 55NANO826QB.ARUB",70 190 р.,0,0,Польша,1 год,WebOS,127 Вт,"55"" (139.7 см) ",NanoCell ,3840x2160 Пикс (4K Ultra HD) ,Есть ,Есть ,Есть ,Голосом ,Есть,,Есть,Есть ,,,Есть,300x300 ,,Есть,,,"DVB-C, DVB-S, DVB-T, DVB-S2, DVB-T2 ",,,,,,,4 ,2.0,,,,,,Есть ,2,Есть ,Есть,Есть ,,,,,Есть ,78.1 см,123.3 см,27.1 см,71.6 см,,,,,,,60 Гц ,,,,2х10 Вт,,,16:9,,,IPS,Edge LED,,,,Есть,,4,2 ,2.0,,,,,,,,,,,,,,,,,,,,,,,,,,,,,,,,,,,,,,,,,
"Ultra HD (4K) LED телевизор 65"" LG NanoCell Smart 65NANO786QA.ARUB, серебристый",93 390 р.,0,0,Польша,1 год,WebOS,158 Вт,"65"" (165.1 см) ",NanoCell ,3840x2160 Пикс (4K Ultra HD) ,Есть ,Есть ,Есть ,Голосом ,Есть,,Есть,Есть ,,,,,Есть,,,Есть,"DVB-C, DVB-S, DVB-T, DVB-S2, DVB-T2 ",Dolby Audio,,Есть,,Есть,,3 ,2.0,,,,,Есть,,,,,,,,,,,,,,,,,,,,,60 Гц ,,Есть,"PAL, SECAM",2х10 Вт,,,16:9,,,VA,Direct LED,178 °,178 ° ,,Есть,,4,2 ,2.0,,,,,,Есть,,,Есть,,,Есть,,,,,,,Есть,,,,,,,,,,,,,,,,,,,,,,
"Ultra HD (4K) LED телевизор 43"" Samsung UE43BU8500",47 590 р.,0,0,Россия,1 год,Tizen,135 Вт,"43"" (109.2 см) ",LED ,3840x2160 Пикс (4K Ultra HD) ,Есть ,Есть ,Есть ,Голосом ,,,,Есть ,,,,200x200 ,,Есть,,,"DVB-C, DVB-S2, DVB-T2 ",,20 Вт,,,,,3 ,,,,,,,Есть ,2,Есть ,Есть,Есть ,,,,,Есть ,62.4 см,96.6 см,18.8 см,56 см,96.6 см,2.6 см,,8.1 кг,Черный ,,50 Гц ,,,"NTSC, PAL, SECAM",,,8.7 кг,16:9,,,,Edge LED,,,,Есть,,,2 ,,,,,,,,,,,,,,,,,,,,,,,,,,,,,,,,,,,,,,,,,,
"Ultra HD (4K) LED телевизор 43"" LG 43UQ75006",35 690 р.,0,0,Россия,1 год,WebOS,110 Вт,"43"" (109.2 см) ",QLED ,3840x2160 Пикс (4K Ultra HD) ,Есть ,Есть ,Есть ,Голосом ,Есть,,,,,,Есть,200x200 ,Есть,Есть,Есть,,"DVB-C, DVB-S, DVB-T, DVB-S2, DVB-T2 ",,20 Вт,Есть,,,,2 ,,,,,,,Есть ,2,Есть ,Есть,Есть ,,,,,,,,,,,,,,,,60 Гц ,,Есть,"PAL, SECAM",,,,16:9,,,IPS,Direct LED,178 °,178 ° ,,Есть,,,,,,,,"MP3, DivX, MKV, WMA, MPEG4",Есть,,,,Есть,,Есть,,,,,,,,,,,,,,,,,,,,,,,,,,,,,,
"Ultra HD (4K) OLED телевизор 55"" LG OLED55A26LA",113 990 р.,0,0,Россия,1 год,WebOS,72 Вт,"55"" (139.7 см) ",OLED ,3840x2160 Пикс (4K Ultra HD) ,Есть ,Есть ,,Голосом ,,,,Есть ,Есть,,,200x300 ,Есть,,,Есть,"DVB-C, DVB-S, DVB-T, DVB-S2, DVB-T2 ",,20 Вт,,,,,3 ,,,,,,,Есть ,2,,Есть,Есть ,,,,,,,,,,,,,,,,60 Гц ,,Есть,"PAL, SECAM",10 Вт,,,16:9,,,,Direct LED,178 °,178 ° ,,Есть,,,2 ,2.0,,,,"MP3, DivX, MKV, JPEG, WMA, MPEG4",Есть,,,,Есть,,,Есть,,,,,,,,,,,,,,,,,,,,,,,,,Есть,,,,
"Ultra HD (4K) OLED телевизор 55"" LG OLED55C24LA",157 490 р.,0,0,Польша,1 год,WebOS,152 Вт,"55"" (139.7 см) ",OLED ,3840x2160 Пикс (4K Ultra HD) ,Есть ,Есть ,,Голосом ,Есть,,,Есть ,Есть,,Есть,,Есть,,Есть,,"DVB-C, DVB-S, DVB-T, DVB-S2, DVB-T2 ",,20 Вт,,,,,4 ,2.1,,,Есть,,,Есть ,3,Есть ,Есть,Есть ,,,,,,,,,,,,,,,,120 Гц ,,,"PAL, SECAM",10 Вт,,,16:9,,,,,178 °,178 ° ,,Есть,,4,2 ,,,,,"MP3, DivX, MKV, JPEG, WMA, MPEG4",,,,,Есть,,Есть,,,,,,,,Есть,,,,,,,,,,,,,,Есть ,,,,Есть,,,,
"Ultra HD (4K) LED телевизор 65"" Samsung UE65BU8000",97 990 р.,0,0,Вьетнам,1 год,Tizen,215 Вт,"65"" (165.1 см) ",LED ,3840x2160 Пикс (4K Ultra HD) ,Есть ,Есть ,Есть ,Голосом ,,,,Есть ,,,Есть,400x300 ,Есть,Есть,,,"DVB-C, DVB-S, DVB-T, DVB-S2, DVB-T2 ",,20 Вт,,,,,3 ,,,,,,,Есть ,2,Есть ,Есть,Есть ,,,,,Есть ,87 см,145.1 см,28.2 см,83.2 см,145.1 см,2.6 см,,20.9 кг,,,50 Гц ,,Есть,,,,,16:9,Crystal Processor 4K,,,,,,,Есть,Есть,,,,,,,,,,,,,,,,,,,,,,,,,,,,,,,,,,,,,,,,,,,,
"Ultra HD (4K) QLED телевизор 65"" Samsung QE65Q60BAU",111 990 р.,0,0,Южная Корея,1 год,Tizen,175 Вт,"65"" (165.1 см) ",QLED ,3840x2160 Пикс (4K Ultra HD) ,Есть ,Есть ,Есть ,Голосом ,,,,,,,Есть,400x300 ,Есть,Есть,Есть,,"DVB-C, DVB-S, DVB-T, DVB-S2, DVB-T2 ",,20 Вт,,,,,3 ,,,,,,,Есть ,2,Есть ,Есть,Есть ,,,,,Есть ,87.2 см,145.1 см,27.4 см,83.1 см,145.1 см,2.6 см,,,,,60 Гц ,,,,,,,16:9,Quantum 4K Lite,,,Dual LED,178 °,178 ° ,,Есть,,,2 ,,,,,,,,,,,,,,,,,,,,,,,,,,,,,,,,,,,,,,,,,,
"Ultra HD (4K) OLED телевизор 65"" Hisense 65A85H",198 990 р.,0,0,Россия,1 год,VIDAA,110 Вт,"65"" (165.1 см) ",OLED ,3840x2160 Пикс (4K Ultra HD) ,Есть ,Есть ,Есть ,Голосом ,,,,Есть ,,,,400x300 ,,Есть,,Есть,"DVB-C, DVB-S, DVB-T, DVB-S2, DVB-T2 ",,60 Вт,Есть,,,,4 ,,,,,,,Есть ,2,Есть ,Есть,Есть ,,,,,Есть ,91.4 см,145.2 см,30 см,83.4 см,,,,,,,120 Гц ,,,,,,,16:9,,,,,178 °,178 ° ,,,,,,,800 кд/м² ,150000:1,,"AVI, MKV, JPEG",Есть,,,,Есть,,,,,,,,,,,,,,,,,,,,,,,,,,,,,,,,
"Ultra HD (4K) QLED телевизор 65"" Samsung QE65Q70BAU",158 190 р.,0,0,Армения,1 год,Tizen,219 Вт,"65"" (165.1 см) ",QLED ,3840x2160 Пикс (4K Ultra HD) ,Есть ,Есть ,Есть ,Голосом ,,,,,,,Есть,400x300 ,Есть,Есть,Есть,,"DVB-C, DVB-S, DVB-T, DVB-S2, DVB-T2 ",,20 Вт,,,,,4 ,2.1,,,,,,Есть ,2,Есть ,Есть,Есть ,,,,,Есть ,89.7 см,145.2 см,,,,,,,,,120 Гц ,,,,2х10 Вт,,,16:9,Quantum 4K Lite,,VA,Edge LED,178 °,178 ° ,,Есть,Есть,,2 ,,,,,,,,,,,,,,,,,,,,,,,,,,,,,,,,,,,,,,,,,,
"Ultra HD (4K) OLED телевизор 65"" LG OLED65A26LA",162 390 р.,0,0,Индонезия,1 год,WebOS,240 Вт,"65"" (165.1 см) ",OLED ,3840x2160 Пикс (4K Ultra HD) ,Есть ,Есть ,Есть ,Голосом ,,,,,Есть,,,300x200 ,Есть,Есть,,,"DVB-C, DVB-S, DVB-T, DVB-S2, DVB-T2 ",,20 Вт,,,,,3 ,,,,,,Есть,Есть ,2,Есть ,Есть,Есть ,,,,,Есть ,89.6 см,144.9 см,23.5 см,83.2 см,144.9 см,4.6 см,17.3 кг,17.1 кг,Серый ,,60 Гц ,,,"NTSC, PAL, SECAM",2х10 Вт,,,16:9,,,,,,,,,,,2 ,,,,,,,,,,,,,,,,,,,,,,,,,,,,,,,,,,,,,,,,,,
"LED телевизор 32"" Blackton Bt 32S08B",17 990 р.,0,0,Россия,1 год,Android TV,60 Вт,"32"" (81.3 см) ",LED ,1366x768 Пикс (HD-Ready) ,,Есть ,Есть ,,Есть,,Есть,Есть ,,,,100x100 ,,Есть,,Есть,"DVB-C, DVB-T, DVB-T2 ",,,Есть,,Есть,,3 ,,,,,,Есть,Есть ,2,Есть ,,Есть ,,,,,Есть ,47.4 см,73.1 см,20.9 см,,,,,,,Android TV 9.0,60 Гц ,,,,2х8 Вт,,,16:9,,,,,178 °,178 ° ,,,,,2 ,2.0,200 кд/м² ,3000:1,,,,,,Есть,,,,,,,,,,,,,,,,,,,,,,,,,,,,,,,,,
"Ultra HD (4K) LED телевизор 55"" Haier 55 Smart TV S3",39 990 р.,0,0,Китай,1 год,Android TV,170 Вт,"55"" (139.7 см) ",LED ,3840x2160 Пикс (4K Ultra HD) ,Есть ,Есть ,Есть ,Голосом ,Есть,,Есть,,Есть,Есть,,,Есть,,,Есть,"DVB-C, DVB-T, DVB-S2, DVB-T2 ",Dolby Atmos,,Есть,Есть,,Есть,4 ,2.1,,,,,Есть,Есть ,2,,,,,,,,,,,,,,,,,,11.0,60 Гц ,,,"PAL, SECAM",2х10 Вт,,,16:9,,,,,178 °,178 ° ,,,,,2 ,,320 кд/м² ,6000:1,6.5 мс,,Есть,,,,Есть,,Есть,,,,,,,Есть,,,,,,,,,,,,,,,,,,,,,,,
"Ultra HD (4K) Neo QLED телевизор 65"" Samsung QE65QN85BAUXCE",199 990 р.,0,0,Россия,1 год,Tizen,250 Вт,"65"" (165.1 см) ",Neo QLED ,3840x2160 Пикс (4K Ultra HD) ,Есть ,Есть ,Есть ,Голосом ,Есть,,Есть,Есть ,Есть,Есть,Есть,400x300 ,Есть,Есть,,Есть,"DVB-C, DVB-S, DVB-T, DVB-C2, DVB-S2, DVB-T2 ",,60 Вт,,,,,4 ,2.1,,,,,,Есть ,2,Есть ,Есть,Есть ,,,,,Есть ,,,,,,,,,,,100 Гц ,,,,,,,16:9,Neo Quantum Processor 4K,,IPS,Mini LED,,,,,,,,2.2,,,,,,,,,,,,,,,,,,,,,,,,,,,,,,,,,Есть ,,,,,,,,
"Ultra HD (4K) ОLED телевизор 55"" Sony XR-55A80K",219 990 р.,0,0,Словакия,1 год,Android TV,104 Вт,"55"" (139.7 см) ",OLED ,3840x2160 Пикс (4K Ultra HD) ,Есть ,Есть ,Есть ,Голосом ,Есть,,Есть,,Есть,Есть,Есть,300x300 ,Есть,Есть,,Есть,"DVB-C, DVB-S, DVB-T, DVB-C2, DVB-S2, DVB-T2 ",,50 Вт,,,,,4 ,2.1,,,,,,Есть ,2,Есть ,Есть,Есть ,,,,,Есть ,74 см,122.7 см,33 см,71 см,,,,,,,100 Гц ,,,,,,,16:9,,,,,,,,,,,,,,,,,,,,Есть,,,,,16 ГБ,,,,,,,,,,,,,,,,,,,,,,,,,,,,
"LED телевизор 32"" Sharp 2T-C32BC6NX",12 490 р.,0,0,Египет,1 год,,55 Вт,"32"" (81.3 см) ",LED ,1920x1080 Пикс (Full HD) ,,,,,,,,,,,Есть,100x100 ,,Есть,,,"DVB-T, DVB-S2, DVB-T2 ",Dolby Digital,20 Вт,,Есть,,,2 ,2.0,,,,,Есть,Есть ,1,Есть ,,,1,1,,,Есть ,47.4 см,73.1 см,20.9 см,43.1 см,73.1 см,7.8 см,,,,,60 Гц ,,,"NTSC, PAL, SECAM",2x8 Вт,,,16:9,,,,,178 °,178 ° ,,,,,2 ,2.0,,,9 мс,,,,,,,,,,,1 ,,,,,,,,,,,,,,,Есть,,,,,,,,,Есть,,Есть,
"LED телевизор 24"" BBK 24LEM-1087/T2C",9 490 р.,0,0,Китай,1 год,,24 Вт,"23.6"" (59.9 см) ",LED ,1366x768 Пикс (HD-Ready) ,,Есть ,,,,,Есть,,Есть,Есть,Есть,75x75 ,,Есть,,Есть,"DVB-C, DVB-T, DVB-T2 ",,,,,Есть,,1 ,1.4a,,Есть,Есть,,Есть,Есть ,1,Есть ,,,,,,,,,,,,,,,,,,60 Гц ,,,"PAL, SECAM",2х5 Вт,,,16:9,,,,Direct LED,176 °,176 ° ,,,,,2 ,,210 кд/м² ,1000:1,8.5 мс,"MP3, AVI, DivX, MKV, JPEG, WMA, MPEG4",Есть,,,,,,,,,,,,,,,,,Есть,,,,,,,,,,,,,,,,,1200,,
"LED телевизор 24"" BBK 24LEM-1034/T2C",9 490 р.,0,0,Китай,1 год,,100 Вт,"24"" (61 см) ",LED ,1366x768 Пикс (HD-Ready) ,,Есть ,,,Есть,,,,Есть,Есть,Есть,100x100 ,,Есть,,,"DVB-C, DVB-T, DVB-T2 ",,,,,,,1 ,1.4,,Есть,,,Есть,Есть ,2,Есть ,,,,,1,,Есть ,36.4 см,,,,,,,,,,60 Гц ,,,"PAL, SECAM",2х3 Вт,,,16:9,,,,Direct LED,178 °,178 ° ,Есть,,,,2 ,,200 кд/м² ,3000:1,5 мс,"MP3, AVI, DivX, MKV, JPEG, WMA, MPEG4",,,,,,,,Есть,,1 ,,,,,,,,,,,,,,,,,,,,,,,,,,,
"LED телевизор 24"" BBK 24LEM-1014/T2C",9 490 р.,0,0,Китай,1 год,,100 Вт,"24"" (61 см) ",LED ,1366x768 Пикс (HD-Ready) ,,Есть ,,,Есть,,,,Есть,Есть,,100x100 ,,Есть,,Есть,"DVB-C, DVB-T, DVB-T2 ",,,,Есть,,,3 ,1.4,,Есть,,,,Есть ,2,Есть ,,,,1,,,,,,,,,,,,,,60 Гц ,,,"PAL, SECAM",5 Вт,,,16:9,,,,Direct LED,178 °,178 ° ,Есть,,,,2 ,2.0,180 кд/м² ,3000:1,8.5 мс,"MP3, AVI, DivX, MKV, JPEG, WMA, MPEG4",,,,,,,,Есть,,1 ,,,,,,,,,,,,,Есть,,,,,,,,,,,,,,
"Ultra HD (4K) LED телевизор 43"" Viomi YMD43ACURUS1",30 590 р.,0,0,Китай,1 год,Android TV,,"43"" (109.2 см) ",LED ,3840x2160 Пикс (4K Ultra HD) ,Есть ,Есть ,Есть ,Голосом ,Есть,,,Есть ,,Есть,,,Есть,,Есть,Есть,"DVB-C, DVB-S, DVB-T, DVB-S2, DVB-T2 ",Dolby Atmos,,,,,,3 ,2.1,,,,,,,,,,,,,,,,,,,,,,,,,Android 11,60 Гц ,,,"NTSC, PAL, SECAM",2х8 Вт,,,16:9,Cortex A55,,VA,Direct LED,,,,Есть,Есть,,2 ,,250 кд/м² ,5000:1,9.5 мс,,,,,,Есть,,Есть,,16 ГБ,,,2 ГБ,ARM,,,,,,,1.5 ГГц,,,,,Есть,,,,,,,,,,,,
"Ultra HD (4K) LED телевизор 50"" Hisense 50A61G",32 390 р.,0,0,Китай,1 год,VIDAA,100 Вт,"50"" (127 см) ",LED ,3840x2160 Пикс (4K Ultra HD) ,Есть ,Есть ,Есть ,Голосом ,Есть,,Есть,Есть ,Есть,,Есть,200x300 ,,,,Есть,"DVB-C, DVB-T, DVB-S2, DVB-T2 ",,,,,,,2 ,2.1,,,,,Есть,Есть ,2,Есть ,Есть,Есть ,,,,,,,,,,,,,,,,60 Гц ,,,,2х8 Вт,,,16:9,,,,Direct LED,178 °,178 ° ,,,,4,2 ,,,,,"AVI, JPEG, MPEG4",Есть,,,,,,,Есть,,,,,,,,,,,,,,,,,,,,,,,,,,,,,
"LED телевизор 24"" Vekta LD-24TR4011BT",7 290 р.,0,0,Россия,1 год,,55 Вт,"24"" (61 см) ",LED ,1366x768 Пикс (HD-Ready) ,Есть ,,,,Есть,,Есть,,Есть,,Есть,75x75 ,,Есть,,Есть,"DVB-C, DVB-T, DVB-T2 ",NICAM,,,,Есть,,1 ,,,Есть,,,,Есть ,1,,,,,,,,Есть ,,,,,,,,,,,60 Гц ,,,"PAL, SECAM",2х5 Вт,Dolby Digital,,16:9,,,,,176 °,176 ° ,,,,,2 ,,210 кд/м² ,1000:1,,"MP3, AVI, MKV, JPEG, MPEG4",,,,,,,,,,1 ,,,,,,Есть,Есть,Есть,,,,,,,Есть,,,,,,,,,,,,
"LED телевизор 24"" Vekta LD-24TR4315WT",7 390 р.,0,0,Россия,1 год,,55 Вт,"24"" (61 см) ",LED ,1366x768 Пикс (HD-Ready) ,,,,,Есть,,Есть,Есть ,Есть,,Есть,75x75 ,,Есть,,Есть,"DVB-C, DVB-T, DVB-T2 ",NICAM,,,,Есть,,1 ,,,Есть,,,Есть,Есть ,1,,,,,,,,Есть ,,,,,,,,,,,60 Гц ,,,"PAL, SECAM",2х5 Вт,Dolby Digital,,16:9,,,,,176 °,176 ° ,,,,,2 ,,210 кд/м² ,1000:1,,"MP3, AVI, MKV, JPEG, MPEG4",,,,,,,,,,1 ,,,,,,Есть,Есть,,,,,,,,Есть,,,,,,,,,,,,
"LED телевизор 32"" Vekta LD-32SR5115BT",8 490 р.,0,0,Россия,1 год,,65 Вт,"32"" (81.3 см) ",LED ,1366x768 Пикс (HD-Ready) ,Есть ,,,,Есть,,Есть,Есть ,,,Есть,100x100 ,,Есть,,Есть,"DVB-C, DVB-T, DVB-S2, DVB-T2 ",NICAM,,,,Есть,,2 ,,,Есть,,,Есть,Есть ,2,,,,,,,,Есть ,47.6 см,73.2 см,18.9 см,,,,,,,,60 Гц ,,,,2 x 10 Вт,,,16:9,,,,Direct LED,178 °,178 ° ,,,,,2 ,,220 кд/м² ,1400:1,,"MP3, AVI, MKV, JPEG",,,,,,,,,,2 ,,,,,,,,,,,,,,,Есть,,,,,,,,,,,,
"LED телевизор 24"" Vekta LD-24TR4315WT",7 390 р.,0,0,Россия,1 год,,55 Вт,"24"" (61 см) ",LED ,1366x768 Пикс (HD-Ready) ,,,,,Есть,,Есть,Есть ,Есть,,Есть,75x75 ,,Есть,,Есть,"DVB-C, DVB-T, DVB-T2 ",NICAM,,,,Есть,,1 ,,,Есть,,,Есть,Есть ,1,,,,,,,,Есть ,,,,,,,,,,,60 Гц ,,,"PAL, SECAM",2х5 Вт,Dolby Digital,,16:9,,,,,176 °,176 ° ,,,,,2 ,,210 кд/м² ,1000:1,,"MP3, AVI, MKV, JPEG, MPEG4",,,,,,,,,,1 ,,,,,,Есть,Есть,,,,,,,,Есть,,,,,,,,,,,,
"LED телевизор 32"" Vekta LD-32SR5115BT",8 490 р.,0,0,Россия,1 год,,65 Вт,"32"" (81.3 см) ",LED ,1366x768 Пикс (HD-Ready) ,Есть ,,,,Есть,,Есть,Есть ,,,Есть,100x100 ,,Есть,,Есть,"DVB-C, DVB-T, DVB-S2, DVB-T2 ",NICAM,,,,Есть,,2 ,,,Есть,,,Есть,Есть ,2,,,,,,,,Есть ,47.6 см,73.2 см,18.9 см,,,,,,,,60 Гц ,,,,2 x 10 Вт,,,16:9,,,,Direct LED,178 °,178 ° ,,,,,2 ,,220 кд/м² ,1400:1,,"MP3, AVI, MKV, JPEG",,,,,,,,,,2 ,,,,,,,,,,,,,,,Есть,,,,,,,,,,,,
"Ultra HD (4K) LED телевизор 58"" Hisense 58A61G",43 690 р.,0,0,Китай,1 год,VIDAA,180 Вт,"58"" (147.3 см) ",LED ,3840x2160 Пикс (4K Ultra HD) ,Есть ,Есть ,Есть ,Голосом ,Есть,Есть ,Есть,,Есть,,Есть,,,Есть,,Есть,"DVB-C, DVB-S, DVB-T, DVB-C2, DVB-S2, DVB-T2 ",,,,,,,1 ,2.0,,,,,,Есть ,2,Есть ,Есть,Есть ,,,,,Есть ,84 см,135 см,,,,,,,,,60 Гц ,,Есть,,2х10 Вт,,,16:9,Quad Core/NT72671D,,,Direct LED,178 °,178 ° ,,,,,2 ,,,,,,,,,,,,,,,,,,,,,,,,,,,,,,,,,,,,,,,,,,
"LED телевизор 32"" Vekta LD-32SR5215BT",8 390 р.,0,0,Россия,1 год,,65 Вт,"32"" (81.3 см) ",LED ,1366x768 Пикс (HD-Ready) ,Есть ,,,,Есть,,Есть,Есть ,,Есть,Есть,100x100 ,,,,Есть,"DVB-C, DVB-T, DVB-S2, DVB-T2 ",NICAM,,,,Есть,,2 ,1.4,,Есть,,,Есть,Есть ,2,,,,,,,,,,,,,,,,,,,60 Гц ,,,,2 x 10 Вт,,,16:9,,,,Direct LED,178 °,178 ° ,,,,,2 ,,220 кд/м² ,1400:1,,"MP3, AVI, MKV, JPEG",,,,,,,,,8 ГБ,2 ,,1 ГБ,,,,Есть,Есть,,,,,,,,Есть,,,,,,,,,,,,
"LED телевизор 32"" Vekta LD-32SR4113BT",8 590 р.,0,0,Россия,1 год,,65 Вт,"32"" (81.3 см) ",LED ,1366x768 Пикс (HD-Ready) ,Есть ,,,,Есть,,Есть,Есть ,,Есть,Есть,100x100 ,,Есть,,Есть,"DVB-C, DVB-T, DVB-S2, DVB-T2 ",NICAM,,,,Есть,,3 ,1.4,,Есть,,,Есть,Есть ,2,,,,,,,,Есть ,47.4 см,,,,,,,,,,60 Гц ,,,,2 x 8 Вт,,,16:9,,,,Direct LED,178 °,178 ° ,,,,,2 ,,220 кд/м² ,3000:1,,"MP3, AVI, MKV, JPEG",,,,,,,,,,2 ,,,,,,,,,,,,,,,Есть,,,,,,,,,,,,
"LED телевизор 32"" Vekta LD-32SR4815BS",10 690 р.,0,0,Россия,1 год,"Яндекс.ТВ, Android TV",65 Вт,"32"" (81.3 см) ",LED ,1366x768 Пикс (HD-Ready) ,Есть ,,Есть ,Голосом ,Есть,,Есть,Есть ,Есть,,Есть,,,,,Есть,"DVB-C, DVB-T, DVB-S2, DVB-T2 ",NICAM,,,,Есть,,2 ,1.4,,Есть,,,Есть,Есть ,2,Есть ,,Есть ,,,,,,,,,,,,,,,Android 9.0 PIE,60 Гц ,,,,2 x 10 Вт,,,16:9,,,,Direct LED,178 °,178 ° ,,,,,2 ,,220 кд/м² ,1400:1,,"MP3, AVI, MKV, JPEG",,,,,,,,,,2 ,,,,,,Есть,,,,,,,,,Есть,,,,,,,,,,,,
"LED телевизор 32"" Vekta LD-32SR5212BS",10 790 р.,0,0,Китай,1 год,"Яндекс.ТВ, Android TV",55 Вт,"32"" (81.3 см) ",LED ,1366x768 Пикс (HD-Ready) ,Есть ,,,,,,Есть,Есть ,,,Есть,,,,,Есть,"DVB-C, DVB-T, DVB-S2, DVB-T2 ",NICAM,,,,Есть,,2 ,,,Есть,,,Есть,Есть ,2,Есть ,,Есть ,,,,,,,,,,,,,,,Android 9.0 PIE,60 Гц ,,,,2 x 10 Вт,,,16:9,,,,Direct LED,178 °,178 ° ,,,,,2 ,,220 кд/м² ,1200:1,,"MP3, AVI, MKV, JPEG",,,,,,,,,8 ГБ,2 ,,1 ГБ,,,,Есть,Есть,,,,,,,,Есть,,,,,,,,,,,,
"LED телевизор 32"" Vekta LD-32SR5112BS",11 990 р.,0,0,Россия,1 год,"Яндекс.ТВ, Android TV",55 Вт,"32"" (81.3 см) ",LED ,1366x768 Пикс (HD-Ready) ,Есть ,,Есть ,Голосом ,,,Есть,Есть ,Есть,,,,,,,Есть,"DVB-C, DVB-T, DVB-S2, DVB-T2 ",NICAM,,,,Есть,,2 ,1.4,,Есть,,,Есть,Есть ,2,,,,,,,,,,,,,,,,,,Android 9.0 PIE,60 Гц ,,,,2 x 10 Вт,,,16:9,,,,Direct LED,178 °,178 ° ,,,,,2 ,,220 кд/м² ,1200:1,,"MP3, AVI, MKV, JPEG",,,,,,,,,8 ГБ,2 ,,1 ГБ,,,,Есть,Есть,,,,,,,,Есть,,,,,,,,,,,,
"LED телевизор 40"" Vekta LD-40SF4113BT",13 590 р.,0,0,Россия,1 год,,55 Вт,"40"" (101.6 см) ",LED ,1920x1080 Пикс (Full HD) ,Есть ,,,,,,Есть,Есть ,,Есть,Есть,100x100 ,,Есть,,Есть,"DVB-C, DVB-T, DVB-S2, DVB-T2 ",NICAM,,,,Есть,,3 ,1.4,,Есть,,,Есть,Есть ,2,,,,,,,,Есть ,,,,,,,,,,,60 Гц ,,,,2 x 8 Вт,,,16:9,,,,Direct LED,178 °,178 ° ,,,,,2 ,2.0,240 кд/м² ,5000:1,,"MP3, AVI, MKV, JPEG",,,,,,,,,,2 ,,,,,,,,Есть,,,,,,,Есть,,,,,,,,,,,,
"LED телевизор 32"" Vekta LD-32SF4850BS",11 590 р.,0,0,Китай,1 год,,,"32"" (81.3 см) ",LED ,1920x1080 Пикс (Full HD) ,,,Есть ,,,,Есть,Есть ,,Есть,Есть,100x100 ,,Есть,,Есть,"DVB-C, DVB-T, DVB-S2, DVB-T2 ",NICAM,,,,Есть,,3 ,1.4,,Есть,,,Есть,Есть ,2,,,,,,,,Есть ,,,,48.6 см,,,,,,WildRed,60 Гц ,,,,2 x 8 Вт,,,16:9,,,,Direct LED,178 °,178 ° ,,,,,2 ,,240 кд/м² ,3000:1,,"MP3, AVI, MKV, JPEG",,,,,,,,,,2 ,,,,,,,,Есть,,,,,,,Есть,,,,,,,,,,,,
"LED телевизор 40"" Vekta LD-40SF4850BS",15 390 р.,0,0,Россия,1 год,Android TV,65 Вт,"40"" (101.6 см) ",LED ,1920x1080 Пикс (Full HD) ,Есть ,,Есть ,Голосом ,,,Есть,Есть ,,Есть,,,,,,Есть,"DVB-C, DVB-T, DVB-S2, DVB-T2 ",NICAM,,,,Есть,,3 ,1.4,,Есть,,,Есть,Есть ,2,Есть ,,,,,,,,,,,,,,,,,Android 9.0 Pie,60 Гц ,,,,2 x 8 Вт,,,16:9,,,,Direct LED,176 °,176 ° ,,,,,2 ,2.0,240 кд/м² ,5000:1,,"MP3, AVI, MKV, JPEG",,,,,,,,,8 ГБ,2 ,,1 ГБ,,,,,,,,,,,,,Есть,,,,,,,,,,,,
"LED телевизор 50"" Vekta LD-50SU8815BS",22 790 р.,0,0,Россия,1 год,Android TV,85 Вт,"50"" (127 см) ",LED ,3840x2160 Пикс (4K Ultra HD) ,Есть ,,Есть ,Голосом ,Есть,,Есть,Есть ,Есть,,,,,,,Есть,"DVB-C, DVB-T, DVB-S2, DVB-T2 ",NICAM,,,,Есть,,3 ,1.4,,,Есть,,Есть,Есть ,2,Есть ,,,,,,,,,,,,,,,,,Android 9.0 Pie,60 Гц ,,,,2х10 Вт,,,16:9,,,,,178 °,178 ° ,,,,,2 ,,300 кд/м² ,4000:1,,"MP3, AVI, MKV, JPEG, MPEG4",,,,,,,,,8 ГБ,2 ,,1.5 ГБ,,,,Есть,,,,,,,,,Есть,,,,,,,,,,,,
"LED телевизор 24"" Econ EX-24HS005B",9 990 р.,0,0,Россия,1 год,Android TV,40 Вт,"24"" (61 см) ",LED ,1366x768 Пикс (HD-Ready) ,,Есть ,Есть ,,,,,Есть ,,,Есть,100x100 ,,,,Есть,"DVB-C, DVB-T2 ",,,Есть,,,,2 ,,,Есть,,,Есть,Есть ,2,Есть ,,Есть ,,,,,,,,,,,,,,,9.0,60 Гц ,,,,2х5 Вт,,,16:9,Cortex-A53 quad core,,TN,,178 °,178 ° ,,,,,2 ,,220 кд/м² ,80000:1,8 мс,MKV,,,,,,,,,8 ГБ,,,1 ГБ,ARM,,,,,,,,,,,,,,,,,,,,,,,,
"LED телевизор 24"" Hyundai H-LED24BS5000",10 890 р.,0,0,Беларусь,1 год,Яндекс.ТВ,35 Вт,"24"" (61 см) ",LED ,1366x768 Пикс (HD-Ready) ,,Есть ,Есть ,Голосом ,Есть,,Есть,Есть ,Есть,,,,,,,Есть,"DVB-C, DVB-S, DVB-T, DVB-S2, DVB-T2 ",,,Есть,,,,2 ,,,Есть,,,Есть,Есть ,2,Есть ,Есть,,,,,,,,,,,,,,,,,60 Гц ,,,"PAL, SECAM",2х2 Вт,,,16:9,,,,,178 °,178 ° ,,Есть,,,2 ,2.0,200 кд/м² ,3000:1,8.5 мс,,,,,,Есть,,Есть,,8 ГБ,,,1 ГБ,,,,,,,,,,,,,Есть,,,,,,,,,,,,
"LED телевизор 24"" Telefunken TF-LED24S22T2",7 300 р.,0,0,Беларусь,1 год,,,"24"" (61 см) ",LED ,1366x768 Пикс (HD-Ready) ,,Есть ,,,,,,Есть ,,Есть,Есть,100x100 ,,Есть,,Есть,"DVB-C, DVB-T, DVB-T2 ",NICAM стерео,,Есть,,Есть,,1 ,1.4,,Есть,,,,Есть ,1,,,,1,,,,Есть ,37.5 см,55.5 см,15.5 см,,,,,,,,50 Гц ,,,"PAL, SECAM",10 Вт,,,16:9,,,,,178 °,178 ° ,,,,,2 ,,200 кд/м² ,3000:1,,"MP3, AVI, DivX, MKV, WMA",,,,,,,,,,,,,,,,Есть,,Есть,,,,,,,Есть,,,,,,,,,,,,
"LED телевизор 24"" Hyundai H-LED24BS5000",10 890 р.,0,0,Беларусь,1 год,Яндекс.ТВ,35 Вт,"24"" (61 см) ",LED ,1366x768 Пикс (HD-Ready) ,,Есть ,Есть ,Голосом ,Есть,,Есть,Есть ,Есть,,,,,,,Есть,"DVB-C, DVB-S, DVB-T, DVB-S2, DVB-T2 ",,,Есть,,,,2 ,,,Есть,,,Есть,Есть ,2,Есть ,Есть,,,,,,,,,,,,,,,,,60 Гц ,,,"PAL, SECAM",2х2 Вт,,,16:9,,,,,178 °,178 ° ,,Есть,,,2 ,2.0,200 кд/м² ,3000:1,8.5 мс,,,,,,Есть,,Есть,,8 ГБ,,,1 ГБ,,,,,,,,,,,,,Есть,,,,,,,,,,,,
"LED телевизор 24"" Telefunken TF-LED24S22T2",7 300 р.,0,0,Беларусь,1 год,,,"24"" (61 см) ",LED ,1366x768 Пикс (HD-Ready) ,,Есть ,,,,,,Есть ,,Есть,Есть,100x100 ,,Есть,,Есть,"DVB-C, DVB-T, DVB-T2 ",NICAM стерео,,Есть,,Есть,,1 ,1.4,,Есть,,,,Есть ,1,,,,1,,,,Есть ,37.5 см,55.5 см,15.5 см,,,,,,,,50 Гц ,,,"PAL, SECAM",10 Вт,,,16:9,,,,,178 °,178 ° ,,,,,2 ,,200 кд/м² ,3000:1,,"MP3, AVI, DivX, MKV, WMA",,,,,,,,,,,,,,,,Есть,,Есть,,,,,,,Есть,,,,,,,,,,,,
"LED телевизор 24"" Econ Smart EX-24HS001W White",10 590 р.,0,0,Россия,1 год,Linux,30 Вт,"24"" (61 см) ",LED ,1366x768 Пикс (HD-Ready) ,,Есть ,Есть ,,,,,Есть ,,,Есть,100x100 ,,,,Есть,"DVB-C, DVB-T2 ",,6 Вт,,,,,1 ,,,,,,Есть,Есть ,1,,,Есть ,,1,,,Есть ,35.7 см,55.6 см,16.8 см,32.9 см,55.6 см,8.1 см,,2.8 кг,,,60 Гц ,,,,,,,16:9,,,,,178 °,178 ° ,,,,,2 ,2.0,200 кд/м² ,80000:1,6 мс,,,,,,,,,,,,,,,,,,,,,,,,,,,,,,,Есть,,,,,,,
"Ultra HD (4K) LED телевизор 43"" Telefunken TF-LED43S80T2SU",18 490 р.,0,0,Беларусь,1 год,Android TV,,"43"" (109.2 см) ",,3840x2160 Пикс (4K Ultra HD) ,Есть ,Есть ,Есть ,,Есть,,,Есть ,Есть,Есть,,,,,,,"DVB-C, DVB-T, DVB-T2 ",NICAM стерео,,Есть,,,,3 ,1.4,,Есть,,,Есть,Есть ,2,Есть ,,Есть ,,,,,,,,,,,,,,,Android 11,50 Гц ,,,"PAL, SECAM",2х8 Вт,,,16:9,Cortex-A55,,,,178 °,178 ° ,,,,4,2 ,,230 кд/м² ,3000:1,6.5 мс,,,,,,,,,,8 ГБ,,,1.5 ГБ,ARM,,,,,,,1.5 ГГц,,,,,Есть,,,,,,,,,,"100 аналоговых, 1000 цифровых",,
"LED телевизор 32"" Harper 32R690T",9 500 р.,0,0,Беларусь,1 год,,,"32"" (81.3 см) ",LED ,1366x768 Пикс (HD-Ready) ,,Есть ,,,Есть,,,Есть ,Есть,Есть,Есть,100x100 ,,Есть,Есть,Есть,"DVB-C, DVB-T, DVB-T2 ",A2/NICAM стерео,,Есть,,Есть,,2 ,1.4,,,,,,Есть ,1,,,,,,,,Есть ,,,,,,,,,,,60 Гц ,,,"NTSC, PAL, SECAM",2х6 Вт,,,16:9,,,VA,Direct LED,178 °,178 ° ,,Есть,,,2 ,,230 кд/м² ,70000:1,8 мс,,,,,Есть,,,,,,,,,,Есть,,,,,,,,,,,,,,,,,,,,,,,Есть
"Ultra HD (4K) LED телевизор 50"" Harper 50U770TS",28 790 р.,0,0,Беларусь,1 год,Android TV,,"50"" (127 см) ",,3840x2160 Пикс (4K Ultra HD) ,Есть ,Есть ,Есть ,Голосом ,Есть,,,Есть ,Есть,,,,,,,,"DVB-C, DVB-T, DVB-S2, DVB-T2 ",NICAM/A2,,,Есть,,,3 ,"2.0, 1.4",,,,,,Есть ,2,Есть ,Есть,,,,,,,,,,,,,,,,Android 10,60 Гц ,,,"NTSC, PAL, SECAM",2х8 Вт,,,16:9,Cortex-A53,,VA,Direct LED,178 °,178 ° ,,Есть,,4,2 ,,300 кд/м² ,120000:1,8 мс,,Есть,,,,,,,,16 ГБ,,,2 ГБ,ARM,Есть,,,,,,,,,,,,,,,,,,,,,,,
"Ultra HD (4K) LED телевизор 43"" Viomi YMD43ACURUS1",33 990 р.,0,0,Китай,1 год,Android TV,70 Вт,"43"" (109.2 см) ",,3840x2160 Пикс (4K Ultra HD) ,Есть ,Есть ,Есть ,Голосом ,Есть,,Есть,Есть ,,Есть,Есть,,,,,Есть,"DVB-C, DVB-S, DVB-T, DVB-S2, DVB-T2 ",Dolby Atmos,,,,,,3 ,,,,,,,Есть ,2,Есть ,Есть,Есть ,1,,,,,,,,,,,,,,11,60 Гц ,,,"NTSC, PAL, SECAM",8х2 Вт,,,16:9,Cortex-A55,,VA,Direct LED,,,,,,,2 ,,250 кд/м² ,5000:1,9.5 мс,,,,,,,,,,16 ГБ,,,2 ГБ,,,,,,,,1.5 ГГц,,,,,,,,,,,,,,,,,
"Ultra HD (4K) LED телевизор 55"" Viomi YMD55ACURUS1",44 990 р.,0,0,Китай,1 год,Android TV,70 Вт,"55"" (139.7 см) ",,3840x2160 Пикс (4K Ultra HD) ,Есть ,Есть ,Есть ,Голосом ,Есть,,Есть,Есть ,,Есть,Есть,,,,Есть,Есть,"DVB-C, DVB-S, DVB-T, DVB-S2, DVB-T2 ",Dolby Atmos,,,,,,3 ,,,,,,,Есть ,2,Есть ,Есть,Есть ,,,,,,,,,,,,,,,11,60 Гц ,,,"NTSC, PAL, SECAM",2х8 Вт,,,16:9,Cortex-A55,,VA,Direct LED,,,,,,,2 ,,250 кд/м² ,5000:1,9.5 мс,,,,,,,,Есть,,16 ГБ,,,2 ГБ,,,,,,,,1.5 ГГц,,,,,,,,,,,,,,,,,
"LED телевизор 32"" Accesstyle H32EY1500B",14 290 р.,0,0,Китай,1 год,"Яндекс.ТВ, Android TV",40 Вт,"32"" (81.3 см) ",LED ,1366x768 Пикс (HD-Ready) ,,Есть ,Есть ,Голосом ,Есть,,Есть,,,,,100x100 ,,Есть,,,"DVB-C, DVB-S, DVB-T, DVB-S2, DVB-T2 ",,,,,,,3 ,,,,,,,Есть ,2,Есть ,Есть,Есть ,,,,,Есть ,47.2 см,72 см,20.5 см,42.3 см,72 см,7.98 см,,,,Android 9.0,60 Гц ,,,,2 х 8 Вт,,3.5 кг,16:9,,,MVA,Direct LED,178 °,178 ° ,,,,,2 ,,200 кд/м² ,3000:1,,,,,,,,,,,,,,,,,,,,,,,,,,,,,,,,,,,,,,,
"LED телевизор 32"" Accesstyle F32EY1500B",15 490 р.,0,0,Китай,1 год,Android TV,40 Вт,"32"" (81.3 см) ",LED ,1920x1080 Пикс (Full HD) ,,Есть ,Есть ,Голосом ,Есть,,Есть,,,,,100x100 ,,Есть,,,"DVB-C, DVB-S, DVB-T, DVB-S2, DVB-T2 ",,,,,,,3 ,2.0,,,,,,Есть ,2,Есть ,Есть,Есть ,,,,,Есть ,46.8 см,71.8 см,18.1 см,42.3 см,71.8 см,,,,,Android 9.0,60 Гц ,,,,2 х 8 Вт,,,16:9,,,MVA,Direct LED,178 °,178 ° ,,,,,2 ,,200 кд/м² ,4000:1,,,,,,,,,,,,3 ,,,,,,,,,,,,,,,,,,,,,,,,,,,
